67.4476 158.893
78.7607 155.415
90.247 155.586
101.972 157.998
113.349 161.733
154.294 165.055
165.896 162.771
177.786 162.009
189.49 164.052
200.158 169.539
130.58 188.031
129.712 200.004
128.911 212.301
128.097 224.669
114.097 237.443
120.757 237.628
127.654 237.9
134.378 238.875
140.874 239.423
81.2453 180.778
91.5296 177.652
101.708 178.704
108.912 187.931
99.2445 189.861
88.8076 187.884
155.519 192.355
164.077 184.572
173.869 185.652
183.333 190.32
174.883 195.586
164.788 195.962
102.783 256.371
110.25 254.102
117.985 251.55
126.313 252.729
134.165 252.592
141.611 256.119
148.394 259.808
142.243 265.582
134.671 268.931
125.578 269.685
116.275 267.712
108.875 263.381
115.399 257.354
125.886 257.835
135.319 258.574
135.083 260.785
125.904 260.763
115.454 259.336
