74.9865 145.109
81.0983 141.056
89.5958 139.331
98.2915 141.167
106.826 145.817
144.252 143.143
158.048 137.984
172.084 136.084
185.614 138.086
197.919 143.493
123.57 165.329
121.88 177.972
119.466 189.745
117.146 202.365
111.182 224.891
116.065 224.722
122.45 224.514
130.125 224.277
137.969 223.471
83.1533 171.67
91.0332 163.812
101.123 163.962
109.599 173.551
99.8489 176.65
89.7976 176.294
152.114 171.261
159.413 161.11
170.281 161.005
180.859 167.523
172.114 172.784
161.323 174.171
103.387 253.672
106.573 245.647
114.196 241.938
123.474 243.352
136.34 241.115
149.317 244.895
161.763 251.229
151.175 261.106
138.236 266.856
124.109 269.256
114.139 266.409
107.369 261.382
114.525 250.081
124.087 250.155
139.65 248.277
140.421 256.147
124.155 259.69
113.32 257.613
