81.9712 151.557
93.3173 147.145
105.628 148.848
116.719 153.815
128.016 158.935
177.732 171.009
189.568 170.118
200.957 170.665
210.401 175.541
216.471 184.36
146.886 193.095
144.475 204.29
142.046 215.124
139.364 226.426
118.683 238.339
125.246 239.896
132.441 242.163
137.961 243.525
143.472 245.351
90.9554 172.669
103.2 170.089
114.302 173.078
119.816 185.383
109.053 184.812
98.6029 180.88
166.064 197.547
177.278 189.953
187.953 192.258
195.884 200.547
186.769 203.532
176.537 201.332
102.002 260.976
111.611 257.061
120.546 254.503
129.114 257.571
137.563 258.593
143.373 265.295
147.47 272.716
140.191 278.621
132.17 281.346
122.37 280.423
112.49 276.199
105.839 269.64
115.872 260.449
126.875 263.867
136.299 266.195
135.387 272.934
124.716 271.772
113.252 266.888
