71.478 174.126
80.2373 167.445
90.7978 165.13
101.612 165.703
112.707 166.997
160.732 162.539
170.807 159.761
180.808 157.881
190.575 159.853
197.253 166.732
137.376 192.04
138.531 203.199
139.837 214.543
141.002 225.981
130.372 238.162
134.86 238.182
140.031 238.271
145.521 237.671
150.603 236.942
85.7883 194.682
95.1049 188.142
105.809 187.019
115.139 195.462
105.614 199.337
94.408 199.335
158.845 192.107
165.655 182.756
175.516 181.972
184.574 187.706
177.843 193.357
167.968 194.642
120.269 264.489
127.274 260.412
134.395 257.143
142.179 257.353
149.614 256.078
156.4 258.438
162.659 261.576
157.1 266.347
150.486 269.679
141.686 271.048
133.286 269.821
126.315 267.527
135.739 262.401
142.08 262.84
148.936 261.34
149.946 262.948
142.271 264.414
135.052 263.753
