65.7521 170.801
74.6433 164.804
85.9326 162.988
96.7644 164.47
108.076 166.752
163.53 166.561
175.127 164.319
186.085 163.153
196.902 164.751
205.042 170.956
135.646 193.765
135.458 208.105
135.391 222.451
135.433 236.845
117.587 245.428
125.574 246.729
134.205 247.188
142.027 246.835
149.636 245.703
81.4664 192.13
91.9154 185.658
103.936 185.671
112.369 196.452
101.532 199.551
89.3118 198.55
157.147 196.504
166.13 185.672
177.766 185.03
187.516 191.23
179.92 198.14
168.414 199.095
103.63 264.352
113.9 264.331
123.274 264.152
132.855 265.696
142.253 264.43
151.48 264.625
160.208 265.94
151.95 272.267
142.888 277.46
130.466 279.15
119.29 276.711
110.961 271.163
122.181 268.155
131.5 270.212
141.62 268.173
141.695 270.416
131.173 272.48
121.679 269.907
