56.0522 155.879
66.7549 151.966
78.9841 151.178
91.3186 153.583
103.353 156.876
155.297 163.449
169.693 162.058
184.203 162.699
197.248 167.838
206.76 178.671
123.143 188.558
122.24 203.085
121.529 217.64
121.089 231.612
103.24 240.409
110.247 242.055
118.516 244.327
125.173 244.728
130.741 244.753
66.4868 181.832
78.4972 177.427
91.3445 179.376
98.9789 191.461
86.5911 193.33
74.2928 189.995
148.48 196.522
160.047 188.782
171.648 189.35
180.39 197.594
171.365 202.248
159.598 201.396
87.7675 273.424
96.2405 265.368
106.328 258.685
116.885 260.578
125.359 261.673
130.566 269.052
134.008 276.75
128.642 282.443
121.76 285.139
111.998 285.463
101.703 283.533
93.7695 279.946
102.751 267.302
115.053 268.059
122.295 269.914
122.17 274.317
113.525 273.926
102.179 272.452
