78.8869 173.215
87.2898 169.579
96.7104 167.445
106.657 167.454
116.35 169.969
158.434 171.016
165.125 168.399
172.137 167.037
178.512 167.743
183.048 171.72
136.872 188.264
138.262 198.401
140.06 208.482
141.547 218.261
124.842 230.493
131.71 231.747
138.507 232.334
144.351 231.005
148.9 229.25
84.8781 193.461
94.2085 187.598
104.622 187.081
112.619 194.472
103.879 196.445
93.7016 196.566
150.487 193.386
158.425 185.048
168.049 184.356
175.624 189.566
169.26 193.598
159.938 194.473
101.732 253.431
114.18 250.006
125.817 247.409
137.135 246.969
144.179 245.934
150.478 246.249
154.591 249
151.501 256.869
145.761 261.953
135.837 265.152
123.162 264.365
111.176 261.401
121.303 251.132
136.497 251.135
145.015 249.86
145.112 255.155
135.506 257.597
120.501 257.177
