36.4938 144.762
51.7722 141.317
68.3373 141.812
84.5075 144.874
100.01 149.638
154.627 142.198
167.468 132.42
182.33 126.305
197.153 124.547
207.848 129.386
124.634 174.906
125.794 192.476
126.654 209.821
127.168 225.413
106.332 238.473
115.337 240.459
125.4 241.396
135.143 238.16
142.766 234.207
43.4732 170.821
58.6134 162.259
75.9426 163.883
87.802 179.355
73.8606 182.857
57.1307 181.348
152.924 171.6
163.264 153.931
180.295 149.906
194.362 155.106
185.077 168.44
168.932 173.013
96.3099 263.493
106.627 257.42
116.622 253.301
126.891 253.663
136.136 250.41
144.554 251.895
153.239 254.591
146.717 267.651
140.951 279.865
128.182 286.858
113.897 285.131
104.268 277.288
115.646 259.925
126.873 260.591
138.096 256.743
138.949 260.52
127.836 269.286
115.917 265.821
