64.0662 168.525
76.246 161.826
90.261 158.582
104.762 159.654
119.849 162.575
157.715 164.809
172.019 163.055
185.589 163.452
197.616 168.308
207.148 175.974
138.333 183.48
138.413 195.254
138.897 207.309
139.669 219.518
120.442 233.714
128.997 235.148
137.267 236.191
145.249 236.599
152.931 235.499
82.981 187.414
93.0255 179.368
105.402 179.18
113.888 189.806
103.562 192.729
92.4238 191.71
158.202 192.283
167.509 182.808
179.599 183.49
188.594 191.707
179.681 195.999
168.413 196.128
96.1466 258.696
110.386 254.106
123.308 250.001
136.837 251.522
146.964 251.512
156.859 255.791
165.195 262.23
158.456 271.28
147.281 274.98
134.388 275.73
119.721 273.782
105.785 269.383
116.903 257.968
136.26 258.865
151.035 259.958
151.354 268.317
135.026 267.49
115.592 266.366
