66.2206 130.059
71.5941 122.763
80.5195 119.046
89.5661 118.914
98.5189 121.201
131.039 114.606
146.586 109.884
161.529 107.873
177.304 108.947
191.497 115.166
120.248 152.523
119.116 167.289
118.127 181.091
117.667 195.115
114.031 210.811
120.389 211.866
127.471 211.318
136.929 210.091
146.269 207.914
79.3797 163.827
86.294 155.581
96.5371 155.362
106.616 161.844
97.5954 166.167
87.7664 167.541
152.392 152.97
159.437 144.533
170.703 143.466
182.957 146.137
173.688 152.724
162.419 154.86
115.14 239.897
118.357 233.96
124.024 230.414
131.968 230.842
144.213 228.088
155.879 230.234
167.663 231.309
158.224 238.175
147.382 242.456
135.647 245.943
126.93 245.963
120.472 243.641
124.392 238.455
133.556 237.591
147.824 234.555
146.914 234.961
133.416 238.943
124.045 238.744
