78.7407 156.866
90.3849 154.571
102.103 156.215
112.296 160.896
122.128 167.335
165.573 179.422
175.506 178.824
185.53 179.541
195.052 183.321
201.364 190.66
139.927 191.787
137.48 201.325
134.828 211.319
131.988 221.217
112.485 227.16
120.396 230.823
128.255 233.669
135.326 234.784
141.88 234.965
90.1833 179.703
99.8793 177.604
109.199 179.716
114.719 187.959
105.949 187.442
97.1175 184.782
157.275 199.801
166.373 195.789
174.906 198.04
182.016 204.362
173.363 204.871
164.717 203.158
92.9504 245.215
103.106 240.853
114.69 239.806
125.737 243.62
135.311 245.455
143.11 251.045
148.464 258.675
140.206 264.062
130.933 267.459
119.52 266.834
107.721 262.584
98.8138 254.836
109.253 245.3
124.045 249.046
136.081 252.321
134.049 258.134
121.548 257.409
107.608 252.394
