84.5266 151.878
93.9403 150.732
104.087 153.317
112.245 159.247
119.021 166.727
154.055 182.977
163.432 183.136
172.476 185.481
180.386 190.593
185.396 198.167
125.61 196.665
121.007 207.017
116.46 217.298
112.034 227.952
97.7532 231.484
102.243 234.614
107.644 237.735
113.366 239.371
118.485 240.329
83.9432 176.986
92.9408 177.162
101.421 181.445
105.029 189.498
96.8769 188.552
88.7927 184.255
143.992 207.622
152.419 205.189
160.763 208.634
166.953 215.755
157.932 216.434
149.451 213.327
74.5578 240.282
84.2153 241.677
94.2251 244.498
103.371 249.722
112.18 252.558
119.928 257.032
127.291 261.767
117.587 266.599
106.915 268.32
96.0361 265.202
85.674 258.975
78.967 250.523
88.8517 248.554
100.773 254.689
112.518 258.87
111.902 260.309
99.4715 256.733
87.8533 249.893
