64.6771 165.088
76.0268 158.39
88.6522 155.168
101.794 155.341
114.66 158.694
154.45 163.931
164.957 162.224
176.07 163.856
185.775 168.711
192.878 175.919
136.293 182.942
137.376 194.472
138.651 205.128
139.865 215.892
122.03 233.073
129.474 234.009
137.225 234.587
143.232 234.791
149.174 234.902
78.8784 183.305
89.7924 177.424
101.08 178.002
108.657 185.619
99.0786 188.258
88.4289 188.08
152.866 190.205
162.244 183.042
172.678 184.336
180.141 192.158
171.857 194.221
162 193.516
106.746 260.195
115.946 252.554
125.306 246.859
136.422 247.381
146.429 248.166
153.926 255.267
159.234 263.51
152.238 266.643
144.25 268.152
135.603 268.482
124.943 266.606
115.331 263.81
125.544 255.654
135.924 255.645
144.595 257.435
144.643 258.311
136.191 257.199
125.75 256.368
