65.914 169.453
75.5491 165.714
86.2266 165.377
96.9399 166.406
107.26 168.358
161.817 168.071
173.766 164.452
186.616 163.057
198.716 162.893
209.962 166.564
135.447 197.058
136.217 209.822
136.911 222.511
137.424 235.148
124.024 250.335
130.575 251.071
138.387 251.125
147.293 250.781
154.517 249.397
80.9305 196.514
91.9952 189.806
103.484 189.455
111.695 198.948
101.913 202.803
90.8546 202.448
163.847 195.695
173.113 185.641
184.882 184.203
195.581 189.961
186.872 196.841
175.359 198.298
116.308 281.998
123.461 274.794
132.063 268.974
141.099 270.229
150.492 268.533
158.538 273.47
165.595 279.124
159.67 285.673
152.177 290.333
141.872 291.889
131.89 290.257
124.322 286.305
131.721 277.472
140.68 278.142
150.079 276.775
150.521 278.716
141.314 278.959
131.542 278.147
