63.2881 175.518
71.5628 161.969
84.4962 153.009
100.209 149.433
117.291 147.442
165.028 138.971
180.016 134.273
195.912 132.108
211.254 136.525
222.283 146.829
148.635 181.897
152.355 194.803
156 207.946
159.364 221.475
143.407 242.074
151.999 240.595
161.659 238.849
170.371 236.712
178.909 235.885
85.981 199.578
96.2988 190.787
109.303 188.82
122.747 195.438
110.623 202.025
97.4407 204.033
175.779 184.547
184.401 174.944
196.721 173.062
210.244 176.447
201.017 185.464
188.181 187.645
138.953 275.838
144.437 266.753
151.939 257.191
163.269 254.716
173.634 253.111
182.946 259.729
191.613 267.61
185.507 275.603
177.236 281.079
167.298 283.608
156.258 283.88
147.054 280.906
153.953 270.464
163.9 267.696
174.927 266.011
175.559 267.376
165.251 269.755
154.275 271.673
