77.6233 157.286
84.2353 155.663
91.2396 155.828
98.0109 157.36
104.54 159.98
146.732 159.702
157.229 155.353
169.361 153.6
181.293 154.506
193.09 158.768
125.463 185.6
124.05 197.743
122.483 209.409
121.342 221.436
114.654 235.11
120.715 236.348
127.354 236.265
136.765 235.741
145.467 234.941
86.7208 183.228
94.0056 177.693
103.552 178.98
111.446 187.656
102.405 189.998
93.3267 189.001
153.338 187.371
160.729 177.821
171.562 177.528
181.214 182.673
173.143 188.665
162.669 190.177
109.12 254.841
114.852 251.65
122.636 249.278
131.101 250.539
144.819 250.019
158.115 252.262
170.742 254.908
160.712 263.266
148.464 267.766
134.045 268.412
124.087 265.212
116.662 260.536
122.925 256.666
132.341 257.466
149.02 257.129
149.756 259.105
133.379 259.151
123.559 257.799
