60.4145 135.064
69.8337 128.901
81.7327 127.421
94.03 129.252
105.456 134.634
141.104 132.097
153.499 128.213
166.66 126.325
179.449 128.362
190.859 134.752
122.46 157.759
121.51 172.58
120.468 186.844
119.554 201.403
108.901 212.867
115.105 213.766
122.555 214.207
129.935 213.175
135.993 211.59
77.3325 156.608
86.5144 150.228
97.9011 151.779
106.639 162.046
96.452 164.204
85.3473 163.26
144.134 160.555
151.846 150.086
164.089 149.024
174.035 155.711
165.83 162.847
154.613 163.386
97.8867 233.541
105.771 233.717
114.213 232.865
123.877 233.781
134.367 232.674
144.433 232.934
154.856 232.872
146.029 239.827
136.392 244.827
124.493 246.797
113.278 244.872
105.588 240.002
114.878 237.357
124.958 238.44
136.349 236.443
136.31 237.8
124.879 238.959
115.16 238.046
