70.649 161.736
79.4057 156.452
89.5162 154.933
99.939 156.603
108.965 161.134
151.152 165.257
163.458 160.103
176.158 158.02
189.138 160.807
199.583 168.964
131.892 184.125
131.557 196.082
131.309 208.322
130.949 220.855
117.938 236.008
124.133 237.453
131.315 238.309
138.921 238.178
146.033 237.028
82.3668 186.013
90.3814 180.527
100.601 180.673
108.11 189.88
99.272 192.189
89.2458 191.261
160.252 191.718
167.914 182.994
178.575 183.347
187.697 191.004
179.146 193.871
169 194.238
102.623 262.164
111.479 259.652
120.708 257.616
130.75 258.935
140.946 257.944
150.727 260.924
160.55 263.808
151.986 271.072
142.735 275.452
130.655 277.394
118.477 275.513
109.174 270.296
115.467 265.002
130.914 266.447
146.416 265.75
146.486 266.96
130.413 268.566
115.075 267.045
