69.6248 173.856
80.4996 169.632
91.6533 169.545
102.13 171.752
112.253 176.371
160.147 177.73
170.688 173.395
181.43 171.412
192.424 172.125
203.432 176.579
136.949 194.878
136.88 209.138
136.704 223.007
136.311 236.795
119.186 245.4
127.085 247.313
135.908 248.363
145.054 248.049
153.436 246.34
82.2674 192.867
92.8665 189.462
103.992 190.609
112.638 199.754
101.914 198.62
91.3749 196.938
161.037 201.176
169.699 192.362
180.426 191.747
190.251 195.668
181.379 198.701
170.97 200.117
104.421 263.662
114.851 262.469
125.238 260.841
136.474 262.17
148.239 261.086
159.116 263.247
170.516 264.71
162.184 274.215
151.136 280.845
136.982 282.882
122.949 280.452
112.519 273.433
119.819 266.248
136.578 268.007
154.149 266.784
154.184 271.455
136.932 273.439
120.33 270.793
