81.6496 181.493
91.2895 172.486
103.73 167.55
117.017 167.027
129.708 169.379
178.542 171.994
189.368 167.755
200.883 166.39
211.858 168.54
218.015 177.035
155.423 203.99
157.153 219.487
159.39 234.854
161.586 250.473
143.124 261.231
150.702 262.315
159.767 262.886
166.237 261.349
171.702 260.191
100.152 202.795
110.469 196.211
121.866 196.843
129.207 208.424
119.661 209.977
108.345 209.094
176.293 205.723
182.711 194.942
193.129 192.628
200.318 198.835
195.208 205.417
185.626 207.174
117.575 282.227
132.929 279.749
145.71 277.856
158.42 277.378
167.097 275.791
174.684 276.293
180.811 279.409
175.667 289.736
168.469 296.989
156.199 300.749
141.809 298.901
128.441 292.344
142.353 281.703
156.276 281.473
165.436 279.213
165.822 287.628
156.217 291.658
142.273 289.901
