61.3723 165.679
69.3568 155.557
82.6341 151.335
96.4128 152.202
110.411 156.296
151.262 154.494
165.945 149.495
181.148 148.18
195.172 152.224
205.283 162.656
130.737 183.128
130.507 195.463
130.481 207.976
130.612 219.936
117.955 234.282
124.145 235.906
131.707 236.49
139.709 235.299
146.45 233.372
80.1978 188.799
89.0872 183.965
98.6347 183.387
107.976 189.303
98.6786 191.213
88.8304 191.192
156.081 187.971
165.2 181.662
175.571 181.437
185.464 184.6
176.123 187.474
165.558 188.92
101.972 262.722
110.908 256.412
120.656 251.859
131.496 252.181
144.888 251.313
157.254 255.881
171.059 260.683
164.163 274.774
151.895 283.078
136.065 285.674
120.916 283.888
109.069 276.308
117.73 259.887
132.043 258.921
150.019 259.141
154.416 274.207
135.612 277.693
118.099 274.626
