69.8725 167.688
79.8332 163.045
90.564 161.08
101.051 161.998
111.318 164.703
146.332 162.491
155.04 160.318
163.64 159.222
172.215 160.065
180.27 163.262
130.152 181.816
131.294 193.488
132.498 205.009
133.762 216.681
118.397 228.406
125.386 229.788
133.341 229.99
140.336 228.985
146.363 226.881
83.3972 188.248
91.2492 185.486
99.6434 184.612
106.545 188.518
99.0806 190.761
90.9543 190.534
147.541 187.375
154.168 182.411
162.685 182.089
170.516 185.329
163.504 188.201
155.441 188.671
103.915 247.532
112.866 242.53
122.561 239.402
132.609 238.669
141.702 238.184
149.604 241.222
155.587 246.232
150.925 253.541
143.344 258.307
133.031 260.222
121.335 258.724
111.743 254.567
120.92 245.792
132.72 245.283
142.666 244.995
143.229 250.993
132.903 252.558
120.58 251.322
