57.0957 199.061
64.4471 189.924
74.9392 182.969
86.5385 179.314
98.8104 178.87
138.67 161.955
148.407 153.574
159.245 147.101
171.423 144.927
182.435 147.079
128.78 192.321
134.408 205.224
139.771 217.904
145.205 230.55
132.478 248.415
141.207 246.902
150.141 244.487
157.24 239.948
163.203 234.989
77.9718 215.07
84.8585 205.75
95.3009 201.712
106.98 206.667
98.3723 212.928
87.7134 216.578
150.465 188.774
155.034 176.868
164.9 172.497
177.067 174.388
170.385 182.327
160.541 187.042
128.319 275.126
136.855 268.934
145.589 263.456
156.033 260.577
164.332 255.383
173.451 253.456
182.611 251.999
178.584 263.84
173.429 274.227
163.335 281.736
150.605 283.592
139.756 279.942
145.362 271.822
159.024 269.378
169.396 261.924
169.874 263.847
159.517 271.282
145.18 273.566
