66.3126 150.887
75.0205 145.21
86.7873 144.195
98.5089 145.422
109.04 149.065
160.461 151.562
171.103 148.801
182.181 149.288
192.279 152.176
198.724 158.362
134.044 182.531
133.61 195.692
133.187 207.998
132.362 220.779
120.242 230.214
125.765 231.543
131.657 232.28
138.276 232.429
143.734 231.523
83.034 178.597
92.5591 174.646
102.661 175.546
110.588 183.215
100.409 185.806
90.387 184.049
155.089 185.899
164.459 179.082
174.508 179.241
183.182 184.535
174.958 189.181
164.621 189.511
106.522 254.712
115.07 251.608
123.834 248.5
132.301 250.923
140.508 249.288
147.958 253.315
154.585 257.743
149.412 264.165
141.07 267.678
131.051 268.587
121.317 266.368
112.535 262.029
121.021 255.587
131.905 258.564
142.117 256.881
142.286 258.906
131.136 259.67
120.369 258.027
