73.3559 155.46
81.0626 151.65
90.5129 153.73
98.8109 157.907
106.565 164.021
147.951 164.882
158.796 160.839
170.593 158.927
182.156 160.781
192.93 166.22
124.008 187.329
122.532 201.44
120.31 214.959
117.804 228.326
109.198 236.513
114.495 239.163
120.998 240.633
129.712 240.449
138.353 239.299
81.3698 183.524
89.0221 180.222
98.1472 182.207
104.777 190.729
96.1191 191.413
86.9359 189.388
147.384 193.688
157.562 186.295
168.321 187.514
178.8 191.876
168.461 196.234
156.861 196.857
100.729 250.045
107.137 249.88
114.064 249.753
121.809 251.352
134.664 251.17
146.455 254.733
159.901 256.891
150.946 268.225
139.058 274.651
124.004 274.994
112.138 269.858
106.816 260.722
112.45 255.093
122.795 257.151
140.424 257.654
141.104 263.526
123.839 264.022
113.525 259.164
