69.655 165.079
78.6077 158.801
89.7853 156.959
100.82 158.294
111.927 161.268
143.821 160.889
155.318 157.605
166.723 155.92
177.985 158.018
186.91 164.417
128.416 184.781
128.555 197.977
128.764 210.685
129.005 223.705
117.3 236.336
122.611 236.646
129.084 237.057
135.643 236.389
141.735 235.8
82.4634 185.017
91.8301 179.906
101.921 180.364
109.358 188.881
99.7132 191.455
89.6359 190.706
148.957 189.228
156.699 180.217
167.24 179.73
177.445 185.207
169.283 191.097
158.641 191.754
107.483 259.965
112.814 252.552
120.583 247.244
129.761 248.88
139.095 247.703
147.11 252.782
154.198 259.858
149.06 268.047
140.455 272.386
130.105 273.604
120.158 272.404
112.261 268.196
121.308 256.145
130.111 256.236
139.094 255.964
139.412 260.403
130.333 261.043
121.725 260.873
