77.1858 154.062
88.4714 149.837
100.28 148.289
111.908 150.664
123.297 154.659
161.363 165.461
170.936 164.177
180.123 165.27
188.155 169.455
193.04 175.585
137.692 183.604
136.605 195.416
135.634 206.884
134.427 218.115
114.622 223.279
121.561 227.215
128.615 229.986
135.298 230.066
141.567 229.494
83.9867 175.363
94.1604 171.994
104.252 173.545
110.027 180.651
101.291 181.313
91.9978 179.263
152.543 189.345
161.491 186.824
170.852 187.697
177.236 193.7
169.324 195.033
160.544 193.283
84.9199 234.734
98.8831 233.453
112.621 234.911
125.17 238.779
135.264 240.34
144.439 243.094
152.971 247.966
144.362 255.98
133.116 259.553
120.44 258.864
105.39 254.4
93.3189 246.377
107.012 239.711
123.318 243.853
136.771 245.857
136.126 252.886
121.201 252.163
104.574 246.559
