55.3738 64.3752
63.4163 55.6871
74.9329 51.6054
87.4019 50.9649
99.3642 53.8507
146.921 46.7136
159.018 42.2635
172.149 40.6093
185.303 43.5804
196.297 50.062
125.925 73.338
126.845 87.1007
128.174 100.616
129.792 114.533
113.797 127.206
122.098 129.028
131.53 129.492
140.235 127.058
148.15 123.53
70.8126 82.3992
79.4077 73.085
92.4972 73.1405
103.318 81.9369
92.7022 85.0044
80.7823 85.4276
151.672 75.3398
158.749 64.4662
171.937 62.7757
183.702 69.752
174.219 74.5062
162.589 76.5696
98.193 150.995
109.303 145.985
121.069 142.895
133.527 143.552
145.405 140.829
156.955 141.868
168.605 143.925
161.716 156.655
150.641 165.854
135.197 170.334
119.3 168.785
107.201 161.079
117.309 150.037
133.566 150.273
150.445 147.669
152.574 155.047
134.923 159.994
117.3 157.144
