76.6114 170.897
84.9142 166.11
94.9254 164.568
105.088 165.32
115.772 166.98
156.507 163.843
166.129 161.414
175.151 160.003
184.575 160.856
191.843 165.019
137.117 191.46
137.988 201.196
138.783 210.817
139.412 220.375
126.033 233.164
131.903 233.6
138.405 233.811
145.111 233.103
151.094 232.007
86.4498 191.426
95.564 186.984
105.009 186.975
114.312 192.808
104.786 195.3
95.0266 194.749
159.078 190.39
166.641 183.407
175.899 182.89
185.011 187.598
177.211 191.341
168.025 192.528
114.869 254.831
122.446 249.499
130.184 246.075
138.686 246.223
146.799 244.98
154.215 247.496
159.832 252.763
154.068 256.384
147.115 258.569
138.342 259.616
129.183 259.404
121.707 257.793
130.049 252.211
138.691 251.436
146.678 250.773
146.694 251.268
138.544 252.052
129.759 252.293
