57.4496 162.71
68.1618 155.208
81.4377 152.198
95.2121 152.152
108.584 154.535
158.752 154.287
170.533 150.973
182.787 151.733
193.914 155.452
201.138 163.746
132.268 180.611
132.596 194.74
133.101 208.335
133.454 222.654
113.943 234.91
121.806 237.663
131.058 239.359
139.337 238.609
146.528 236.767
75.2556 184.826
86.1754 178.469
97.5683 178.488
104.869 185.984
95.9888 188.208
85.2043 188.093
155.017 187.243
164.199 179.805
174.943 179.905
184.058 187.111
174.459 190.162
164.558 189.803
89.9909 261.236
101.727 253.113
115.811 249.293
130.118 249.927
143.67 248.821
156.629 251.815
165.534 260.578
158.591 274.878
145.227 284.907
128.739 287.774
111.999 284.907
97.6177 275.667
111.329 258.61
129.58 259.25
147.27 258.458
148.587 272.576
129.302 275.563
109.696 273.059
