74.0554 166.564
86.5959 161.143
100.38 160.315
113.564 162.874
126.562 166.14
158.733 166.831
168.119 163.893
177.61 161.951
187.078 161.492
193.701 167.532
138.653 189.089
137.984 204.684
137.711 220.098
137.56 234.646
120.934 241.194
128.397 242.696
135.068 244.05
142.136 243.435
148.373 241.531
88.7581 186.377
98.9805 181.491
110.26 182.055
118.909 192.576
108.077 194.203
97.1042 192.704
154.334 193.177
161.753 183.137
172.06 181.62
179.164 187.174
173.381 193.393
163.724 195.157
97.8324 252.664
110.445 253.715
121.054 254.235
131.778 255.103
140.574 253.991
147.693 253.447
154.957 251.219
146.693 261.189
139.611 268.797
127.906 272.952
115.221 270.403
105.077 262.998
117.422 257.583
130.076 259.025
140.878 256.97
139.376 260.757
128.469 264.822
116.59 262.114
