70.4664 164.004
79.9263 155.309
92.149 151.522
104.637 150.721
117.263 152.833
158.515 154.361
164.389 153.412
170.156 153.508
175.696 154.092
180.409 156.556
141.531 185.189
144.954 196.08
148.255 206.25
150.856 216.919
129.598 238.94
137.72 239.494
145.392 240.203
151.282 239.407
154.845 238.718
83.0225 188.151
93.37 181.473
104.195 180.507
112.215 188.904
103.189 192.096
92.7203 191.793
154.627 189.959
162.216 181.91
170.816 181.318
175.976 188.497
171.549 192.309
163.045 192.391
123.888 266.439
129.981 258.531
137.982 250.682
148.321 249.226
155.458 249.786
160.722 256.064
161.659 264.007
159.704 269.568
155.256 273.513
149.053 275.938
139.37 275.084
131.034 271.087
139.916 260.329
147.262 259.624
152.863 259.284
153.698 262.437
147.604 263.903
140.077 263.186
