71.2796 137.32
80.9377 130.869
92.5762 128.87
104.328 127.818
115.617 128.568
161.174 124.596
169.355 125.838
176.404 128.439
182.906 131.201
188.106 136.228
135.848 157.559
137.704 168.223
139.709 179.153
141.391 189.838
124.786 205.413
132.197 206.098
139.333 205.925
145.002 205.653
150.04 205.603
87.0217 163.201
95.8887 156.643
105.648 156.125
112.22 163.012
104.466 165.99
95.3263 165.858
157.324 162.136
164.597 155.622
173.5 155.6
180.541 162.936
173.916 165.01
164.919 165.202
113.705 240.16
120.019 229.626
128.711 222.072
140.306 220.927
150.549 222.207
158.09 228.672
159.796 238.887
157.258 249.138
149.557 255.87
138.819 257.53
127.004 257.057
117.316 250.474
126.998 231.3
139.72 228.614
150.778 231.518
150.026 244.404
138.511 247.24
126.301 246.078
