81.8451 163.106
92.2274 159.999
103.38 159.606
114.034 161.38
123.689 165.675
153.529 168.631
163.113 165.14
172.864 163.685
182.722 164.695
191.688 169.299
137.784 191.165
137.259 202.133
136.799 212.695
136.413 223.579
122.61 237.122
128.172 237.78
134.658 238.205
140.832 238.465
146.312 239.023
92.0279 189.118
100.023 185.315
108.672 185.839
114.886 192.091
107.391 193.963
99.1797 193.094
157.759 194.573
164.77 189.444
172.847 189.239
179.62 192.967
173.319 196.744
165.406 197.132
112.998 263.286
117.994 255.91
125.558 250.653
134.73 251.671
143.195 251.357
149.895 256.469
154.765 263.628
148.894 267.112
141.851 268.485
133.861 268.508
125.943 267.991
118.754 266.71
124.113 259.409
134.418 259.147
144.678 260.04
145.234 261.292
134.633 260.364
123.901 260.646
