63.6489 181.447
72.0323 174.119
83.3635 171.233
95.2035 171.71
107.069 175.133
132.13 167.461
142.954 160.061
154.485 155.033
167.071 154.227
179.275 157.114
123.957 186.745
126.839 199.463
129.42 212.024
132.075 225.033
121.966 236.042
129.136 236.099
136.02 235.088
143.037 232.685
149.672 229.152
80.6571 198.056
88.6936 194.296
97.572 193.135
106.378 194.919
97.9321 198.377
89.1623 199.173
144.806 185.814
152.069 179.634
160.809 177.737
169.819 178.221
162.847 183.205
153.934 185.57
115.028 255.493
121.697 251.101
129.603 247.81
139.083 246.567
149.509 243.585
160.037 243.467
169.232 243.819
160.602 249.666
150.917 253.878
140.204 257.194
131.009 258.431
122.89 257.944
127.816 252.808
140.316 250.662
153.583 247.457
152.869 247.713
139.252 251.25
127.085 253.5
