77.0798 161.075
89.9865 160.903
102.704 164.344
114.781 169.713
125.817 176.405
160.776 182.54
170.452 178.393
180.424 175.934
190.771 174.356
199.72 177.566
140.017 192.655
137.569 206.086
135.418 219.36
133.13 232.759
112.478 237.424
121.104 240.918
129.316 242.914
136.075 242.968
143.302 240.467
84.1877 184.438
92.5422 189.17
103.528 191.258
114.007 190.941
103.772 191.984
92.7885 189.711
157.338 195.66
164.701 197.825
174.225 199.207
182.359 197.219
174.004 199.276
164.585 198.506
93.3381 246.357
105.055 247.344
115.83 248.559
126.96 251.453
134.945 250.826
141.574 251.893
147.452 253.917
140.307 257.53
133.444 258.411
124.93 258.881
113.209 256.586
102.063 253.212
109.886 251.199
125.977 255.9
137.216 254.556
137.065 254.942
125.419 255.911
109.377 251.585
