63.5321 179.699
70.3553 172.198
80.4195 167.967
90.8061 166.483
101.129 167.667
138.821 158.081
146.751 151.661
155.455 147.222
165.287 145.451
174.703 147.251
127.028 186.12
130.553 198.809
133.844 211.17
136.93 223.642
125.3 232.42
131.221 232.217
138.405 231.264
144.404 228.403
149.479 225.318
79.9961 195.614
87.0165 190.377
96.37 189.14
104.979 193.897
96.4889 198.082
87.266 199.077
146.569 183.497
150.863 173.799
159.283 169.979
168.424 170.813
163.566 177.607
155.346 181.778
118.215 248.947
124.89 246.06
132.884 243.47
141.709 241.886
149.12 238.571
156.364 236.844
163.444 236.11
158.911 243.719
152.802 248.466
144.03 251.719
134.205 252.995
126.136 252.399
132.78 247.773
142.631 246.317
150.825 242.45
150.908 242.671
143.106 246.611
133.332 247.515
