66.1441 163.718
77.1731 159.626
89.0289 158.669
101.064 160.323
112.733 163.523
166.834 169.074
174.491 167.205
182.845 166.936
190.886 168.628
197.719 171.739
136.425 191.946
135.894 203.555
135.538 214.613
134.94 225.76
115.385 234.023
122.91 236.955
131.346 238.474
138.129 238.473
143.996 237.061
81.1276 185.42
91.0615 181.705
100.521 181.476
108.326 188.127
99.4818 191.256
89.1821 189.954
155.197 193.282
164.1 187.376
173.419 188.254
181.076 193.728
173.164 197.358
163.413 197.052
100.621 259.88
110.154 255.645
119.051 251.974
128.933 253.11
136.407 253.101
141.948 257.248
146.428 263.223
140.186 267.159
132.784 269.145
124.544 269.27
115.24 267.181
107.517 264.936
116.413 258.572
127.009 258.988
135.626 260.416
134.912 261.264
126.266 261.452
116.538 260.195
