63.3746 142.397
75.184 139.906
86.3858 138.78
97.8115 139.426
107.938 143.435
148.765 143.925
160.706 141.353
173.109 141.085
185.138 142.843
196.896 147.752
128.339 169.574
127.544 185.475
126.526 200.773
125.894 216.193
111.761 223.481
118.684 226.005
126.245 227.105
133.423 226.269
140.052 224.505
77.7891 169.836
87.4211 170.313
97.3438 170.516
106.825 174.365
97.2439 177.158
86.7358 176.019
150.715 176.05
160.276 173.495
170.022 173.81
181.279 173.089
171.354 179.419
160.31 179.667
98.6769 250.664
106.75 245.943
115.361 241.384
124.991 242.513
135.154 241.945
144.709 247.611
154.343 252.908
146.301 261.318
136.651 268.043
124.774 269.257
113.172 266.999
104.82 260.499
113.284 249.183
124.803 249.076
137.159 250.567
137.31 258.307
124.615 259.397
113.004 257.068
