65.7727 142.612
75.9838 137.374
87.3706 135.98
98.9935 137.046
109.174 141.421
150.546 141.307
163.039 137.171
176.383 136.727
188.766 139.662
198.562 146.713
130.087 168.616
129.199 182.597
128.469 196.014
127.968 209.695
113.978 222.053
121.183 223.606
128.592 224.795
136.814 224.091
144.858 222.468
80.0893 166.262
89.6651 160.918
99.4992 161.892
107.015 170.179
97.4355 171.625
87.7937 171.125
154.624 171.362
162.729 162.188
173.479 161.579
183.502 167.932
174.867 172.397
164.566 173.247
103.242 245.954
111.6 241.209
120.983 238.161
131.342 239.038
144.203 238.497
155.679 241.794
166.5 246.338
158.087 257.241
145.984 264.266
131.49 266.293
119.481 263.552
109.489 256.325
120.11 246.426
131.705 247.658
146.515 246.096
148.009 251.096
132.088 254.284
119.189 251.399
