72.1995 155.599
78.3088 151.222
87.1204 149.67
96.2496 150.745
104.296 154.737
148.196 157.27
160.156 153.281
172.694 152.264
184.822 154.508
195.051 160.609
127.203 188.02
125.755 199.698
124.045 210.977
121.981 222.094
110.201 234.808
116.161 236.571
122.967 237.972
129.803 237.403
136.807 236.16
84.358 184.939
90.6951 178.419
99.522 179.296
105.515 186.671
98.2291 189.742
90.2298 189.293
151.115 189.948
158.999 183.676
168.401 184.526
176.112 190.264
167.839 194.415
158.399 194.453
102.797 263.272
104.985 255.929
112.3 250.646
121.565 252.328
131.283 252.128
139.47 257.912
146.362 265.178
139.027 270.445
130.371 272.689
121.645 273.285
113.236 272.65
106.001 269.828
112.762 260.599
121.422 259.624
131.067 260.324
130.839 262.092
121.627 261.877
112.738 261.773
