39.5944 146.388
45.2167 140.469
53.5468 136.661
62.7777 135.865
72.3523 136.061
114.068 123.076
123.728 118.276
132.819 113.517
142.14 111.268
151.228 111.763
105.529 156.679
107.821 169.833
109.955 182.491
112.159 195.2
103.242 205.415
109.53 206.156
116.663 205.7
123.101 202.345
129.222 198.205
59.1634 165.403
64.4333 157.956
73.9857 156.538
83.07 163.118
74.9774 167.427
66.3964 168.456
125.857 149.687
129.512 139
139.107 135.223
149.996 137.604
143.877 144.471
135.228 148.466
92.7366 224.63
101.359 221.314
109.954 217.854
120.098 215.331
131.409 211.415
142.912 209.256
154.766 208.212
148.872 220.779
139.619 230.164
126.933 235.984
114.16 237.703
102.858 233.12
109.554 222.63
122.132 219.914
135.386 215.036
138.62 222.051
125.438 227.898
111.305 229.673
