70.9564 158.131
81.4092 157.116
91.849 159.645
100.94 162.436
110.135 165.675
155.404 168.444
166.545 165.484
177.482 163.124
188.937 163.338
199.115 167.396
130.833 189.767
130.079 202.522
129.233 214.728
128.377 227.05
109.742 235.484
118.012 239.027
127.422 240.844
137.088 239.719
144.94 236.792
76.2854 186.275
86.3987 180.343
98.2572 182.045
106.268 190.911
95.8597 193.059
84.6575 191.493
155.186 193.582
163.874 185.917
175.672 185.455
185.622 191.937
176.295 196.356
164.741 196.723
95.6291 254.363
105.177 250.949
116.035 249.671
127.191 251.075
138.473 250.489
148.416 252.621
156.659 256.017
148.758 266.359
138.599 274.726
124.62 277.483
110.895 274.26
101.054 265.453
110.951 255.263
126.466 257.506
141.326 256.354
140.766 262.505
124.974 265.709
109.356 262.051
