51.2434 146.076
58.1844 136.338
70.353 130.745
83.3459 129.437
96.3917 131.464
146.544 120.432
158.112 112.923
171.226 107.461
185.801 106.769
198.131 111.711
127.513 156.9
130.384 170.698
133.311 184.087
135.884 197.444
122.647 209.459
130.54 210.7
139.073 210.087
146.998 206.856
154.115 202.275
75.5334 166.204
82.6865 159.157
92.0515 157.424
100.82 162.65
92.5113 166.267
84.1316 167.829
156.056 151.713
162.487 142.565
172.182 139.651
182.504 143.27
174.738 148.796
165.971 151.534
112.41 233.746
122.11 228.962
131.663 224.24
142.278 223.574
153.481 219.785
165.141 219.465
177.262 218.729
169.529 229.098
158.816 236.201
145.974 239.733
133.946 241.114
122.566 239.06
130.756 232.031
143.888 229.906
158.077 226.026
158.372 226.3
143.783 230.751
130.445 232.4
