91.0502 138.069
103.479 139.559
114.36 144.419
124.127 149.712
134.033 156.507
178.178 170.976
189.008 170.209
199.511 170.783
210.264 173.052
220.643 178.146
146.137 192.944
142.667 205.312
139.513 217.374
136.306 229.977
114.787 237.516
121.573 242.09
130.012 246.441
138.609 247.671
145.948 247.176
94.6102 171.206
105.851 169.575
116.946 173.048
122.808 185.735
111.402 185.179
100.635 180.291
166.956 199.786
178.628 193.845
189.779 196.543
196.709 203.594
187.391 207.634
176.16 205.711
91.0002 250.632
102.277 252.613
114.973 255.059
126.659 260.643
137.243 262.086
146.089 265.611
154.563 268.938
144.313 275.897
134.02 278.453
120.871 277.034
107.194 271.25
96.7201 263.011
109.212 259.358
123.917 265.987
137.057 267.84
136.082 270.651
122.351 269.505
107.941 262.74
