94.5894 158.387
105.066 155.699
115.819 156.436
125.664 160.532
134.404 166.267
164.742 174.142
174.557 173.337
184.018 174.213
192.932 178.272
199.203 185.743
141.578 191.128
138.636 203.353
135.951 215.349
133.421 227.577
119.833 225.917
124.74 230.985
131.513 235.474
139.464 235.459
146.519 233.219
99.2261 180.255
108.717 177.051
117.868 180.183
121.855 189.429
113.182 188.735
105.031 185.873
159.679 200.201
168.311 195.082
178.062 195.571
182.642 203.137
176.073 205.618
167.771 203.825
98.9662 239.206
109.137 238.912
119.221 240.555
129.11 243.013
138.039 245.522
145.368 249.272
151.683 254.309
144.113 262.754
133.972 266.887
122.285 265.65
110.725 259.897
102.257 250.736
114.307 243.987
127.129 248.719
138.856 250.927
137.902 258.251
124.111 258.659
110.848 251.137
