83.2873 148.021
93.6761 147.92
102.704 150.31
111.402 153.233
120.17 157.824
170.763 168.204
182.36 168.842
192.773 171.445
201.115 175.754
205.17 182.812
141.92 189.101
138.949 202.037
135.896 214.553
132.286 227.218
112.94 231.794
119.659 234.908
126.267 237.275
132.937 238.727
138.894 238.101
86.0041 170.987
97.5383 168.396
109.308 171.44
117.775 181.376
105.89 181.168
94.6868 177.711
158.829 195.136
169.38 189.681
179.835 192.295
186.498 199.672
178.07 201.894
168.301 199.51
87.193 236.54
99.737 241.881
110.726 245.374
121.964 248.526
130.687 251.227
138.446 252.961
146.302 254.155
137.148 263.814
127.106 271.474
112.335 271.667
99.1063 264.493
91.5771 251.957
104.491 246.64
119.387 252.978
129.546 254.694
128.215 259.95
115.514 260.853
100.991 252.396
