67.6663 149.251
77.7349 145.662
89.0403 144.893
99.9145 145.219
110.94 146.983
163.195 150.256
174.416 150.336
185.511 151.379
196.708 153.741
205.329 158.282
135.313 185.475
133.86 198.358
132.327 210.796
130.693 223.037
116.835 235.556
122.666 235.994
129.551 236.879
136.795 237.587
143.148 238.783
83.0475 174.463
93.8058 171.413
104.609 172.781
110.921 182.436
100.522 183.932
90.0073 181.794
158.911 187.162
167.666 178.783
178.686 178.609
187.954 183.882
179.385 189.109
168.901 189.834
98.8023 251.033
108.202 251.374
118.216 250.689
128.644 253.44
139.415 252.165
149.499 254.6
159.349 256.732
149.932 262.62
140.018 266.977
127.385 268.265
115.215 264.85
106.569 258.738
114.937 255.9
128.698 258.359
142.179 257.9
141.589 259.689
128.215 260.728
114.626 257.653
