73.1728 169.901
80.5438 161.537
91.2983 156.577
103.518 156.227
114.489 158.89
152.284 158.199
163.732 155.879
175.522 155.889
186.156 160.057
193.215 167.79
132.515 184.926
131.959 193.09
131.278 200.968
130.423 208.784
117.962 229.892
123.56 229.653
129.909 230.004
136.191 229.697
142.222 229.567
83.2697 190.264
92.6696 182.731
104.79 183.996
112.359 192.893
102.343 194.957
91.7122 194.418
153.849 191.008
160.518 181.98
171.931 180.831
180.194 188.452
172.254 192.27
162.541 193.058
98.9813 263.375
105.88 251.714
117.607 244.117
131.178 242.889
144.96 243.907
157.111 250.43
163.927 262.368
155.491 270.301
143.479 273.216
130.729 274.249
118.196 273.759
106.445 271.122
115.642 254.288
130.74 252.286
146.594 253.848
146.025 266.48
131.019 266.284
116.677 266.744
