65.509 162.918
75.5712 157.804
87.2669 158.089
98.709 162.294
108.707 167.793
151.643 167.173
162.428 161.897
174.366 158.046
186.879 158.398
196.678 164.065
130.43 184.956
129.987 196.971
129.467 208.601
128.762 220.527
112.942 231.774
120.495 234.782
129.374 235.94
138.77 234.27
146.476 230.487
78.255 185.847
88.0383 178.611
100.113 179.565
108.742 189.898
98.0997 192.077
87.241 191.284
153.088 189.635
161.761 179.43
173.682 178.258
183.366 185.636
175.144 190.667
164.051 191.581
100.244 255.543
109.197 249.834
119.418 246.151
129.938 246.651
141.691 245.424
152.934 248.499
163.885 253.208
154.791 261.35
143.036 265.574
130.581 267.4
118.357 266.602
107.467 262.934
116.539 254.703
130.229 254.684
145.468 253.584
145.37 255.682
130.231 256.424
116.424 256.754
