74.9686 159.627
85.7398 155.157
97.9906 153.153
110.157 153.101
121.828 155.333
159.832 157.174
168.429 154.771
176.241 153.592
183.825 153.842
190.984 156.81
143.933 184.12
146.019 199.495
147.996 214.452
149.469 229.84
127.182 238.307
134.819 241.536
144.023 243.417
151.563 241.493
157.707 238.093
85.1409 187.018
95.3587 181.109
107.464 181.233
115.77 188.426
105.146 190.037
94.8076 189.58
157.756 188.066
165.614 180.305
176.21 179.538
184.282 184.328
177.234 187.866
167.194 188.658
100.613 258.173
114.216 255.74
127.328 253.634
140.881 253.041
151.199 252.668
159.694 254.154
167.085 255.624
160.06 268.503
150.878 277.797
136.846 282.499
120.434 280.358
107.816 272.077
120.393 258.382
139.842 258.673
155.394 256.945
154.98 267.89
136.497 273.774
116.809 270.815
