65.6183 163.553
74.8443 158.328
85.479 156.151
95.8273 157.419
106.226 158.623
160.244 157.962
171.634 156.52
183.06 155.994
193.975 159.084
202.599 166.045
132.583 178.34
132.911 192.182
132.985 206.098
132.956 219.198
115.706 231.15
124.363 233.45
133.237 234.14
142.607 233.574
150.902 231.486
79.6837 180.117
89.6336 175.781
100.223 175.706
110.261 182.308
99.8326 184.035
89.4813 183.359
158.176 182.076
167.915 176.781
178.552 176.381
188.992 181.557
178.972 184.655
168.647 184.87
100.515 253.329
110.232 249.176
120.655 246.66
131.414 248.253
142.342 248.279
152.716 251.504
162.988 255.873
153.58 261.944
143.879 266.088
131.612 266.831
119.691 264.88
109.893 259.493
117.678 253.836
131.508 254.979
145.762 255.148
146.808 256.332
132.021 255.984
117.257 254.974
