72.1664 172.699
79.9725 168.034
88.3277 165.454
97.3458 165.034
106.426 166.748
142.263 160.936
150.201 156.621
158.858 153.73
167.386 153.149
174.602 156.266
130.002 190.073
131.934 203.161
134.197 216.03
136.639 228.95
127.384 239.015
133.276 240.187
139.467 240.163
144.97 238.183
149.417 236.028
85.9016 194.583
93.181 188.348
102.083 187.898
109.404 193.778
101.895 197.737
93.2222 198.77
147.821 188.011
152.683 179.812
161.387 176.777
170.549 181.613
164.495 186.77
155.737 188.687
123.168 262.956
128.473 257.305
135.183 253.167
143.016 253.169
149.464 250.418
156.201 252.361
162.578 255.863
158.816 262.192
153.322 266.587
145.744 269.102
137.163 269.681
129.662 267.589
138.269 259.912
144.892 258.851
150.333 257.844
150.281 258.074
144.201 259.683
137.672 260.547
