71.5764 163.269
81.0959 157.124
92.7773 157.009
104.057 159.255
115.302 163.4
153.404 163.566
164.9 158.059
177.101 155.196
189.644 155.586
199.212 161.624
134.04 188.541
134.704 202.582
135.532 216.394
136.547 230.385
122.396 241.222
128.973 241.885
136.32 242.523
143.829 241.334
150.339 240.462
84.774 187.653
94.3764 183.175
105.011 184.001
112.705 191.905
103.218 194.003
92.9568 193.109
158.47 191.632
166.3 183.481
177.379 182.379
186.905 186.952
178.593 192.551
168.1 193.552
108.856 266.353
118.056 261.614
126.727 257.229
136.674 258.526
145.994 257.382
154.169 261.409
162.595 266.536
155.387 273.438
146.797 277.75
136.094 279.406
125.159 277.975
116.557 273.644
126.055 264.96
136.647 265.849
145.758 265.064
146.011 266.353
136.225 267.45
125.509 266.632
