74.5737 167.995
85.9173 162.674
98.8008 161.126
111.232 162.566
123.374 166.676
156.391 167.923
166.836 164.892
176.992 163.535
187.591 165.23
194.947 171.896
138.787 194.122
139.714 207.566
140.713 220.703
141.4 234.021
124.123 240.193
131.365 242.781
139.23 244.274
146.898 243.127
153.639 240.608
90.0023 191.024
99.7692 187.01
109.063 187.629
115.617 194.392
106.813 195.808
98.2757 194.495
158.097 194.917
165.139 189.15
173.686 188.162
180.731 192.34
174.102 195.964
166.167 196.381
106.454 255.525
117.455 254.07
128.117 252.258
139.396 252.589
148.338 251.626
156.285 252.404
164.432 252.483
158.689 263.492
150.317 272.007
137.953 274.976
124.57 272.827
113.787 265.525
124.158 256.684
139.141 256.832
151.244 255.797
151.144 262.379
138.198 264.879
122.776 263.591
