65.2912 154.525
77.6228 146.998
91.0362 143.4
105.195 145.229
118.924 150.717
158.518 153.584
170.585 151.029
183.263 152.571
194.502 160.246
201.611 170.956
135.399 175.797
134.334 192.115
133.225 208.781
131.882 225.371
111.617 235.486
119.982 238.018
129.027 240.088
136.588 240.056
143.38 238.917
82.9083 173.303
93.0268 170.106
103.893 170.754
111.519 178.638
101.658 179.736
91.673 177.93
156.56 184.455
166.345 178.771
177.07 180.347
185.709 186.856
175.749 188.305
165.439 187.385
91.0577 260.695
102.616 259.011
114.391 257.057
126.638 259.525
136.505 258.539
145.844 261.996
154.55 265.763
145.982 272.478
136.26 275.96
123.815 276.535
110.772 273.789
99.5117 269.244
110.733 265.146
125.585 267.186
137.287 267.05
137.604 267.865
125.262 267.787
109.984 266.018
