79.0548 138.165
87.6216 134.237
96.5821 133.707
106.307 135.286
115.143 138.789
152.113 142.463
161.54 138.735
172.754 137.704
183.397 139.129
192.654 144.337
131.738 170.397
131.859 183.22
132.009 196.021
132.782 208.928
120.421 220.19
126.565 221.828
133.375 222.347
139.08 221.542
144.304 220.549
89.8563 169.968
97.6125 167.275
106.229 167.54
113.09 172.46
105.782 174.976
97.2298 174
155.333 174.819
162.634 170.489
171.095 169.304
178.942 170.571
171.801 175.834
162.926 176.638
112.054 243.125
119.423 239.244
127.079 236.179
135.525 236.608
143.941 235.383
152.052 237.666
159.608 242.104
152.917 247.84
145.033 252.965
135.456 254.12
126.881 252.973
119.189 249
127.502 243.642
134.953 243.727
143.588 242.653
143.847 243.445
134.991 244.605
127.654 244.662
