74.0938 169.575
84.5707 164.168
96.7657 163.974
108.404 166.81
119.563 171.31
161.745 170.846
173.383 165.545
185.548 161.724
198.759 161.821
209.897 167.515
139.442 194.929
139.759 209.371
140.387 223.745
141.15 238.588
125.574 246.165
132.984 247.964
141.434 248.707
149.727 247.324
156.892 243.67
89.0163 194.917
99.2135 189.131
110.544 189.203
119.309 198.036
108.523 199.218
97.6267 198.68
162.943 196.91
170.784 188.222
181.825 187.229
191.798 192.722
183.217 197.111
172.93 198.222
115.472 262.11
124.751 260.804
134.138 258.956
143.849 259.743
153.299 258.141
162.284 258.178
172.228 258.661
164.484 267.297
155.163 273.2
142.999 274.869
131.713 273.365
123.288 268.623
131.596 264.541
144.104 265.654
155.613 263.028
156.206 264.1
143.723 265.908
131.327 265.283
