66.7602 171.336
78.0631 165.481
90.3346 162.74
102.541 163.039
113.766 166.712
148.768 166.345
159.654 161.676
171.171 160.353
182.966 162.215
193.867 167.699
133.128 184.838
134.299 199.724
135.247 214.547
136.434 229.536
122.64 243.001
129.138 244.105
136.444 244.428
143.476 243.636
150.073 242.07
82.171 191.795
90.8493 187.397
100.329 186.958
108.94 192.589
100.196 194.265
90.8384 194.314
156.139 189.734
162.795 184.088
171.889 183.641
180.476 187.735
172.096 190.555
163.677 190.961
107.577 270.307
116.552 265.022
126.063 260.303
136.919 261.111
146.672 259.782
155.381 263.719
163.806 268.148
156.194 275.286
147.783 281.003
137.214 282.982
125.757 281.249
116.283 276.68
124.462 269.077
137.16 269.03
149.047 267.932
149.163 269.579
137.442 271.001
124.524 270.913
