77.8174 157.131
84.5302 152.63
92.5472 152.701
100.967 155.697
108.096 160.496
132.361 156.606
147.858 151.693
164.488 149.832
180.819 153.634
193.113 164.021
118.491 182.297
114.436 193.259
109.327 203.572
104.928 214.845
101.663 230.338
104.982 231.593
109.904 232.705
117.14 232.253
124.953 231.264
83.9482 185.346
89.689 181.816
97.1064 183.265
103.693 187.774
97.0809 190.15
89.9916 189.768
148.077 186.578
155.321 183.053
164.419 183.619
173.703 186.164
164.399 190.206
155.749 190.271
96.5273 258.981
94.2649 251.05
99.0857 245.557
107.315 245.54
119.264 246.219
130.122 252.062
141.035 260.474
131.262 267.326
120.414 271.895
108.601 273.085
100.965 270.747
96.8883 265.09
102.514 252.819
108.142 251.828
121.958 253.354
121.921 260.936
109.001 262.408
103.263 260.392
