67.7701 158.619
78.2906 152.608
91.3632 151.911
104.121 155.307
115.312 162.847
152.981 162.577
165.664 159.287
178.421 158.669
190.721 162.219
200.567 170.314
129.739 183.188
127.315 195.761
125.279 208.216
123.38 220.903
109.625 236.135
115.623 237.596
122.425 238.657
129.793 238.991
137.608 239.525
76.0959 176.973
86.6036 170.823
97.9767 172.46
106.746 182.894
95.4892 183.998
84.4739 182.575
155.372 188.689
163.724 178.725
175.249 179.221
186.723 186.244
176.698 190.389
165.866 190.463
91.7827 256.146
101.636 253.144
110.902 250.866
121.484 252.044
131.856 252.74
141.534 257.605
150.427 263.275
140.986 266.732
130.474 268.221
118.505 268.474
107.942 266.413
99.1011 263.163
108.92 257.233
121.094 258.357
132.906 259.311
132.527 260.24
119.482 259.771
107.439 258.306
