77.2594 161.748
86.613 158.256
97.1893 159.339
106.792 161.73
116.066 165.315
154.854 167.771
166.264 166.169
177.425 165.202
188.485 166.916
196.682 173.679
132.489 189.975
130.325 203.522
127.994 216.777
125.7 230.584
113.703 238.223
119.482 240.602
125.311 242.598
132.751 242.615
140.133 241.854
87.3399 187.369
95.8305 184.187
104.998 184.798
112.56 191.393
103.962 192.781
94.7509 191.289
154.56 194.731
162.989 189.834
172.495 190.662
180.889 196.461
172.505 198.485
162.965 197.949
97.8681 255.494
105.748 252.525
114.69 251.173
124.331 253.507
135.129 253.624
145.042 257.887
154.144 263.752
144.686 270.209
133.492 273.758
121.864 273.331
111.316 270.236
103.202 264.101
112.406 258.009
124.274 259.753
136.038 261.168
135.059 264.757
123.018 263.936
111.715 260.785
