73.3878 157.489
83.7732 154.403
94.265 154.563
105.012 157.063
115.125 161.492
158.138 167.521
169.144 166.252
179.782 166.057
190.245 168.404
198.316 174.853
133.148 186.022
131.786 198.318
130.422 211.095
129.186 224.118
111.204 232.911
118.888 235.995
126.874 238.019
134.896 238.121
142.121 236.753
85.7701 185.092
93.3224 181.385
101.879 181.385
109.243 186.799
101.863 188.371
93.6298 187.78
158.042 193.944
165.766 190.67
174.463 192.07
182.242 197.209
173.443 198.03
165.397 197.189
96.5479 256.851
106.229 251.068
115.871 246.143
127.047 247.035
137.966 248.669
145.079 256.974
150.598 265.739
142.791 273.084
131.829 276.218
120.713 275.988
109.428 272.22
101.349 265.635
113.536 254.778
126.288 255.152
137.256 258.434
134.741 267.497
122.957 266.737
111.346 263.743
