69.5809 163.155
80.0298 156.483
92.1682 152.523
104.814 152.783
116.989 155.154
165.68 157.178
174.512 155.736
183.256 157.298
190.684 161.401
194.844 168.437
143.12 188.026
144.692 205.458
146.877 222.413
148.28 239.947
127.321 249.389
135.639 251.492
143.471 252.959
150.901 252.707
157.248 252.091
84.6481 184.961
95.7775 179.643
107.524 180.182
116.197 189.614
105.696 190.604
94.5926 189.706
156.38 191.038
166.677 183.265
177.153 183.135
185.836 190.157
177.493 193.639
166.999 193.365
104.802 275.361
116.391 270.114
128.282 267.84
140.147 268.672
149.357 268.289
157.027 270.259
158.791 274.833
155.727 285.218
148.95 292.404
137.229 295.466
124.126 292.67
112.736 285.557
124.817 274.468
139.494 275.859
149.731 275.303
148.851 282.555
137.656 285.303
123.629 283.107
