62.2323 116.383
73.6487 110.625
87.0236 110.332
100.294 112.541
112.589 117.078
150.514 114.269
163.107 109.728
175.813 107.286
188.48 107.62
199.087 113.968
132.516 143.678
132.174 159.11
132.067 174.059
132.192 189.319
119.001 200.894
125.296 202.264
132.307 202.535
139.856 201.741
147.207 199.939
77.8725 141.99
87.8655 136.539
99.0411 137.942
107.091 146.331
96.8486 148.769
85.9995 147.736
155.3 146.522
163.264 137.674
174.722 135.957
184.898 140.978
176.091 147.593
165.075 148.413
107.144 226.871
115.014 221.105
123.55 217.565
133.349 218.169
143.657 217.103
153.374 220.776
161.912 225.92
154.7 235.312
145.343 240.337
134.007 241.975
122.914 240.906
113.194 235.872
125.137 227.069
133.819 227.733
143.094 226.854
142.463 228.349
133.267 228.98
124.394 228.301
