71.2942 159.233
82.1917 152.507
95.7818 149.579
109.577 151.092
122.836 155.582
160.936 160.377
174.578 159.137
188.355 160.811
201.573 164.923
212.65 172.83
143.219 179.441
142.268 190.452
141.457 201.058
140.449 212.266
120.216 230.95
128.766 232.457
137.284 234.246
146.126 234.724
153.451 234.586
82.0834 180.632
93.8623 174.989
104.79 175.245
112.486 182.767
103.131 182.997
92.5762 181.835
169.384 189.929
179.022 184.106
189.148 186.081
197.79 193.567
188.859 192.23
178.967 190.823
100.342 264.4
110.336 254.482
122.403 246.969
135.718 248.295
148.496 249.967
158.754 259.508
165.108 271.585
155.717 274.784
145.121 275.745
133.596 275.491
121.274 273.779
109.859 270.172
120.223 259.914
134.44 260.099
146.853 264.106
146.295 264.512
134.242 262.151
120.102 261.39
