79.7972 185.02
91.1336 180.138
104.475 179.457
117.808 181.828
130.087 186.756
183.752 190.202
196.98 186.085
211.327 185.539
225.776 186.978
238.84 194.55
157.549 214.767
157.308 233.667
157.004 251.832
156.97 270.166
138.542 279.927
146.714 282.236
155.149 283.812
164.157 283.754
172.448 282.878
94.7093 215.459
105.866 211.7
117.816 212.777
127.564 220.452
116.45 220.644
104.995 219.061
188.649 222.694
198.219 217.034
208.466 216.193
220.374 219.54
209.511 221.727
199.213 222.271
118.122 310.796
130.279 304.152
142.628 298.813
154.773 301.438
166.433 300.665
175.933 307.218
186.334 314.008
175.547 317.687
164.686 320.366
152.408 320.785
140.13 319.826
129.288 316.233
138.789 308.548
153.813 310.062
167.249 310.898
167.059 311.128
152.673 310.706
137.818 308.87
