73.3439 150.139
81.909 146.243
92.0362 145.845
101.308 147.64
110.599 152.107
164.54 163.482
176.567 163.497
187.656 165.499
197.448 170.808
204.329 178.756
132.949 185.693
130.404 198.696
127.879 211.715
125.747 224.668
108.687 234.665
115.104 237.127
122.847 239.674
130.051 240.475
136.489 240.698
86.483 173.847
95.6996 170.003
105.078 171.848
110.706 181.627
101.651 182.67
92.8137 179.884
155.469 192.59
164.577 185.876
174.404 187.927
182.514 195.409
173.079 197.81
163.536 196.501
87.9633 253.662
98.1803 251.232
108.824 250.706
119.543 253.696
131.07 255.462
140.941 260.654
149.294 266.816
139.158 271.838
127.494 273.98
115.296 272.693
103.818 268.809
94.7173 262.255
106.804 258.366
117.826 261.001
129.904 262.82
129.924 264.911
117.376 262.673
106.09 260.177
