82.1029 152.057
93.3662 150.989
104.511 152.172
114.906 156.507
124.982 161.715
167.048 169.87
178.239 170.71
188.604 173.192
198.034 178.141
203.854 186.303
140.539 191.005
138.857 203.879
137.382 216.303
135.923 228.656
116.433 236.604
122.99 240.466
130.543 243.115
136.632 243.907
142.686 243.844
89.0371 178.991
99.2933 177.724
109.181 179.716
115.753 187.278
106.32 186.616
97.3638 183.685
159.596 197.626
169.01 194.487
177.822 196.37
184.605 202.022
176.913 202.82
167.953 200.937
92.4568 251.473
103.635 251.12
115.188 251.701
125.772 255.618
134.687 256.294
142.384 259.984
149.909 263.7
141.44 270.509
132.063 274.455
121.309 273.201
109.278 269.247
99.6644 261.819
111.288 257.569
123.822 262.068
134.331 263.223
133.356 264.948
122.771 264.367
110.616 260.151
