72.8777 159.892
82.9766 155.655
93.8022 155.554
104.162 157.109
114.704 160.876
160.297 165.229
168.929 161.743
177.672 160.014
186.136 161.309
192.385 166.783
137.145 183.877
137.401 198.066
137.575 211.728
137.953 225.787
118.953 234.141
126.252 236.9
133.899 238.913
140.017 238.336
146.216 236.53
86.9832 182.296
95.5685 175.702
105.68 175.263
112.563 184.174
104.173 185.832
95.2812 185.347
157.03 186.651
164.517 178.902
173.959 178.659
180.403 185.793
173.232 188.613
164.884 188.763
103.47 257.402
113.782 253.957
122.919 251.005
132.779 253.384
139.398 251.822
145.564 255.35
151.003 259.681
145.395 265.792
138.412 268.663
130.107 269.675
119.924 267.845
111.533 263.922
120.098 257.69
131.51 259.179
139.499 258.987
139.094 260.114
130.95 260.333
119.644 259.025
