72.434 176.5
80.6148 168.64
91.5479 164.395
102.795 163.771
113.772 166.279
166.633 162.629
178.823 159.525
191.176 159.306
202.715 163.797
211.89 171.859
142.62 188.599
143.163 203.268
143.514 217.296
143.744 231.524
125.069 243.278
133.823 245.702
144.118 247.354
154.701 245.529
164.038 242.349
90.9362 191.335
99.9851 185.309
110.498 185.141
119.834 193.652
109.307 195.802
99.0517 195.211
166.309 191.518
174.895 183.087
185.816 182.385
195.118 188.458
186.583 192.808
176.401 193.746
109.116 265.087
120.698 260.901
132.793 259.019
144.621 259.975
157.034 258.753
169.694 259.467
182.467 262.367
173.458 274.828
160.979 284.424
145.532 287.574
130.644 285.271
118.284 276.607
129.511 266.124
145.137 266.508
161.21 265.136
162.35 272.008
145.37 275.512
128.505 273.47
