59.0706 144.756
68.2316 132.507
83.2698 126.502
98.9524 125.962
114.273 129.394
168.409 122.072
179.162 116.585
191.608 113.631
204.236 115.17
213.482 122.018
146.401 148.409
148.925 164.275
151.171 179.778
153.187 194.985
136.229 207.545
145.459 208.799
154.961 208.735
163.5 206.354
170.623 203.14
82.1515 162.773
92.4112 153.673
105.631 152.396
116.972 159.191
106.429 164.272
93.9503 165.823
169.191 151.387
177.783 142.294
189.925 140.903
200.868 147.488
191.519 152.969
180.093 154.325
116.737 234.278
129.368 228.889
142.075 223.616
155.649 223.842
166.259 221.168
177.09 222.236
187.615 224.98
179.913 234.491
169.687 240.966
157.11 244.968
142.085 245.641
128.44 242.154
139.794 231.861
156.13 230.868
169.292 228.181
169.785 229.606
155.98 233.274
139.123 233.793
