79.5814 174.303
91.0898 168.214
103.482 166.303
116.141 168.443
128.562 173.498
168.4 178.186
179.442 174.967
190.765 175.058
201.448 177.719
210.351 183.63
145.206 195.968
145.471 210.424
145.83 224.797
146.42 239.414
126.197 247.349
134.951 250.844
144.376 252.416
153.06 251.571
160.433 249.622
95.5248 192.71
105.666 190.682
115.228 191.294
122.189 198.273
112.99 197.609
104.159 196.285
166.73 202.451
175.169 197.644
184.452 197.832
192.783 201.795
184.547 203.63
175.935 203.718
109.767 266.26
120.804 264.249
131.819 263.295
142.466 265.339
151.886 265.142
161.608 267.631
170.669 270.741
161.425 273.49
152.015 275.285
141.763 275.098
130.541 273.123
120.278 270.097
129.083 266.894
142.182 268.657
153.38 269.036
153.473 268.66
142.36 268.914
129.365 266.785
