68.562 161.673
77.4934 156.78
87.4308 155.824
97.7146 158.19
106.816 163.199
143.111 164.621
153.784 158.732
165.594 156.123
177.036 157.452
185.684 164.169
124.991 182.662
124.265 197.04
123.52 210.417
122.794 223.181
109.173 228.302
115.296 231.327
122.453 233.341
130.089 232.112
136.55 229.991
80.5537 180.866
87.1276 177.156
95.0409 178.279
101.882 183.361
94.4285 185.677
86.7016 184.935
148.817 183.658
155.878 179.069
163.653 179.207
170.191 182.441
163.892 186.343
156.392 186.724
91.5446 243.572
101.395 242.497
111.522 242.294
121.902 243.91
132.866 243.4
142.801 244.871
152.206 245.771
145.007 257.213
134.332 264.38
120.506 266.02
107.217 262.846
97.2883 254.927
107.286 245.966
121.698 247.033
136.595 248.027
137.035 256.912
121.053 259.594
105.33 255.065
