51.2539 67.3812
63.8195 61.3047
77.8912 57.2914
92.1383 57.2029
106.605 60.4419
154.016 52.4808
167.619 46.3732
181.15 42.5988
194.94 40.9126
206.352 46.3098
134.244 77.3603
136.882 97.3261
139.882 115.979
142.464 134.569
125.627 151.817
135.544 152.438
145.267 151.985
154.116 149.089
161.982 145.243
63.6442 85.0805
76.9783 75.4694
91.6494 74.9455
103.774 84.5181
91.0581 88.5015
76.2795 90.2327
156.492 76.444
166.693 63.2205
181.036 60.0154
193.897 63.7959
185.113 72.9892
171.162 76.5235
106.834 172.098
119.719 168.952
131.911 166.669
143.852 166.326
155.912 163.289
167.732 162.919
179.03 160.86
169.988 170.461
159.835 179.08
145.189 184.605
130.464 184.468
118.195 180.229
127.705 174.823
142.871 174.886
157.958 169.671
158.224 170.945
142.99 176.501
127.578 174.635
