54.7814 63.0692
66.6593 61.2506
79.2724 63.4542
91.5924 67.6154
102.662 73.7751
153.734 73.0337
167.711 67.9817
180.705 63.6904
194.423 60.0651
207.44 60.5232
128.618 91.3083
128.157 108.074
127.762 125.155
127.709 141.69
113.193 149.022
121.469 151.381
129.607 153.018
138.707 151.346
147.951 149.361
71.9017 87.9166
80.4008 86.1169
90.9435 86.7876
101.927 91.4211
90.1468 92.7271
79.5467 91.6279
158.943 89.6822
169.207 85.0875
180.671 85.1391
190.843 85.9462
180.739 90.1874
169.325 91.8097
97.832 166.041
108.861 165.559
118.773 164.82
130.153 165.402
142.594 163.667
153.55 165.493
164.173 167.799
156.939 181.693
146.515 191.103
130.716 194.776
115.307 190.735
104.409 180.249
114.488 170.288
130.506 172.239
148.289 169.996
149.018 178.667
131.012 182.049
113.794 177.959
