68.1918 157.835
80.2861 151.183
94.0312 149.556
107.392 150.878
119.54 155.116
158.302 159.291
172.095 157.032
185.489 156.911
198.73 160.472
211.222 165.369
139.971 186.462
139.573 204.401
139.033 222.715
138.437 241.209
118.175 249.566
126.853 252.465
137.295 254.128
146.593 253.143
154.951 251.053
79.6273 181.987
90.4774 176.536
102.712 177.436
111.554 188.031
100.902 187.39
89.1766 185.906
166.203 189.754
175.775 180.851
187.008 180.803
198.586 186.993
187.846 189.715
176.628 190.006
96.701 264.981
109.077 265.262
122.884 264.812
136.401 266.836
149.132 265.311
161.294 266.554
172.656 266.335
161.375 275.583
148.902 280.143
134.288 281.301
119.596 278.667
106.914 273.497
117.413 270.049
135.397 271.148
151.115 270.987
150.219 272.538
134.298 272.524
117.016 271.728
