72.2487 97.7765
83.3541 93.8422
94.9089 94.1882
106.283 96.8871
117.169 100.485
158.99 103.011
167.791 101.362
177.22 101.003
186.449 101.758
195.482 105.312
137.409 125.251
137.266 138.486
136.76 151.452
136.121 164.659
118.694 171.448
126.666 173.512
134.791 175.045
142.971 173.85
151.585 171.479
85.7541 121.36
94.9477 117.761
104.852 118.967
112.246 125.717
103.267 126.029
94.1938 124.675
158.204 129.209
167.097 122.763
177.272 122.36
186.274 126.61
177.74 129.557
168.005 129.722
99.1592 187.139
110.426 184.162
122.305 183.261
134.574 184.481
145.429 184.049
156.391 186.249
166.638 191.471
158.165 201.47
147.829 209.231
134.16 211.015
119.634 208.304
108.074 199.072
117.146 187.221
134.837 189.165
150.356 189.294
150.876 198.914
134.433 201.508
115.613 196.907
