80.029 174.862
87.3742 168.608
97.8053 166.942
108.629 168.341
118.91 171.876
162.093 171.083
174.815 168.036
188.091 167.205
201.083 169.888
211.412 176.929
139.226 201.433
138.667 216.66
138.251 231.311
138.027 245.727
125.754 258.118
132.114 260.175
139.259 261.336
147.382 259.874
154.262 257.834
93.6854 199.416
102.749 194.967
113.224 196.855
120.474 204.825
110.571 206.965
100.386 205.917
165.149 206.076
173.788 198.531
185.401 196.995
195.458 201.514
187.049 207.892
175.958 208.617
115.785 283.048
123.236 278.619
131.099 274.817
140.039 276.695
150.055 276.318
159.14 281.209
168.919 285.314
160.462 290.704
151.333 294.882
140.893 296.119
131.07 294.141
122.978 289.654
129.511 283.095
140.67 284.464
152.79 284.034
152.261 284.084
140.781 284.139
130.409 283.855
