67.7684 176.856
78.8879 169.769
91.9907 167.029
105.141 167.684
118.089 171.197
152.858 172.117
164.491 168.019
176.806 166.754
189.524 168.581
201.363 173.967
135.291 191.804
135.529 206.477
135.777 221.389
136.008 236.883
121.689 243.365
128.401 245.336
135.342 246.109
142.52 245.268
149.737 243.324
83.5564 193.572
93.3648 187.541
105.033 187.98
113.539 196.939
103.311 199.017
92.4724 198.616
156.288 196.698
165.011 187.398
176.733 186.964
186.67 192.837
178.082 197.72
166.789 198.239
108.248 266.371
116.267 260.022
125.349 255.512
135.705 256.107
145.921 254.615
155.736 258.147
163.968 264.524
156.494 272.397
147.055 276.594
136.265 278.287
125.278 277.54
116.059 273.208
124.303 263.942
136.201 264.364
147.753 263.127
147.533 264.468
135.924 266.235
124.207 265.476
