53.0213 158.478
65.8425 151.963
81.0269 150.329
96.2369 151.114
111.14 151.614
151.957 148.868
162.251 143.706
171.474 140.083
181.16 136.372
191.711 134.452
136.804 163.342
143.045 183.127
149.932 203.193
155.922 223.145
129.983 236.104
141.491 235.564
152.65 235.202
159.948 232.365
165.325 229.618
68.2429 174.968
80.9652 165.772
95.9745 163.526
110.108 172.94
97.0718 177.353
81.8743 178.408
150.895 163.829
159.972 151.808
173.208 148.807
184.399 152.863
176.545 161.623
163.238 164.155
110.085 256.434
124.134 253.967
136.855 253.34
149.991 252.74
158.971 248.798
166.52 244.522
172.577 242.139
165.119 250.66
159.062 257.04
148.865 262.43
135.106 263.454
122.517 261.346
131.815 257.521
148.71 257.576
161.525 251.815
159.849 251.203
147.559 256.295
132.237 257.752
