66.4533 135.522
74.4678 129.256
85.0175 127.497
95.8022 130.662
105.829 136.238
153.276 138.072
165.923 134.93
178.548 134.851
190.616 140.63
198.347 150.411
125.684 166.073
123.648 179.289
121.877 191.985
119.962 204.889
103.623 213.391
111.931 216.494
120.401 218.288
130.664 217.294
140.409 215.259
76.8087 162.688
86.5402 159.824
96.6456 161.055
105.808 166.655
95.6467 165.649
85.9617 164.697
151.175 170.478
160.758 166.866
171.474 167.916
181.242 172.359
171.538 172.83
161.261 172.587
92.5111 230.404
101.534 227.107
111.31 227.12
120.664 229.301
133.326 230.238
145.791 232.998
157.666 237.851
145.595 243.963
132.156 246.311
118.162 245.115
107.962 243.213
98.3707 238.504
110.412 234.283
120.747 236.547
135.742 238.16
134.345 238.357
119.042 237.202
108.957 235.155
