59.4849 157.802
69.2731 152.229
80.8542 149.431
92.333 149.796
104.323 151.817
156.894 149.843
168.994 147.012
181.603 144.696
194.161 144.83
203.927 151.372
129.503 179.267
129.143 194.376
129.015 208.114
129.459 222.016
113.251 237.241
121.573 238.19
131.283 238.326
140.244 236.88
148.32 235.206
73.3824 182.171
83.6201 175.638
95.5872 176.352
104.911 184.519
94.6734 188.272
83.2993 188.034
154.837 182.901
162.194 172.844
175.008 171.069
186.748 176.502
177.15 182.548
165.603 184.275
99.379 263.399
110.005 257.599
120.955 253.123
132.122 254.663
144.68 251.807
156.645 255.65
167.463 259.856
159.083 269.562
147.606 275.064
134.188 277.889
120.359 276.484
108.58 271.245
117.287 261.955
132.958 262.747
149.506 259.543
150.823 264.531
133.892 267.454
117.483 266.578
