63.2653 164.037
73.2298 157.678
85.809 155.718
98.1411 156.533
110.595 158.845
149.023 157.239
160.65 155.142
171.997 155.537
182.937 157.454
192.037 163.898
128.96 183.164
129.658 198.315
130.218 213.637
130.909 229.266
116.858 236.64
123.526 239.477
130.487 240.447
137.688 239.171
144.439 236.111
78.0313 187.608
87.21 181.629
98.1738 181.168
106.832 187.437
97.4771 190.468
87.4642 190.839
150.336 186.935
158.632 180.431
169.136 180.458
177.581 186.341
169.061 189.593
159.207 189.579
101.111 259.559
110.859 256.386
120.371 253.06
130.636 253.929
140.014 252.228
148.76 254.991
156.777 258.578
148.771 264.387
139.612 267.551
129.866 268.356
119.547 267.954
109.698 264.936
119.855 259.862
130.066 260.283
140.394 259.327
140.207 259.239
130.162 260.11
119.864 259.917
