57.2329 61.2255
64.8683 58.9847
73.8024 59.5366
83.0391 59.6252
92.6565 61.1026
162.054 59.716
175.451 55.6305
188.597 53.793
202.545 53.6834
215.107 56.3577
125.347 80.2888
124.979 97.5977
123.941 114.815
123.193 131.4
111.575 143.376
116.664 144.145
124.204 144.725
132.351 143.064
139.645 142.49
62.87 77.4173
72.3072 68.0579
87.2101 67.722
97.9413 81.1537
86.2897 82.3794
71.8321 82.643
157.51 77.4652
168.239 62.875
184.199 61.0838
198.805 68.585
188.639 76.1497
172.605 78.2597
103.71 162.874
110.594 161.577
118.711 160.744
128.642 161.879
140.151 160.725
151.126 160.833
163.747 160.72
154.243 169.375
143.803 176.413
129.746 179.057
117.503 175.394
111.514 169.303
118.748 166.337
129.197 167.764
142.991 165.527
142.878 167.797
128.883 169.912
118.704 167.248
