68.7824 161.866
77.107 155.19
87.2378 151.51
97.5406 150.015
108.259 151.071
147.181 149.283
158.572 146.459
170.86 146.161
182.423 148.975
192.331 155.19
128.279 181.394
127.741 192.944
127.487 204.326
127.618 215.656
118.021 234.362
122.721 235.663
128.379 235.905
135.158 235.282
140.885 233.177
85.1208 186.969
92.421 180.827
101.267 180.428
108.821 186.238
100.967 188.916
92.3701 188.764
148.661 183.2
156.426 176.631
166.058 175.754
174.698 179.839
166.693 183.643
157.551 184.738
101.969 256.939
110.095 251.363
119.6 248.181
129.789 248.358
141.093 247.45
151.91 250.908
161.995 256.021
152.841 262.593
142.018 266.438
130.542 267.053
119.718 266.581
109.432 263.253
118.99 255.34
129.791 256.219
142.681 255.055
142.548 257.167
130.309 258.374
118.904 257.505
