61.3196 169.81
73.1352 160.81
87.7936 158.334
102.785 161.316
117.094 167.598
154.622 171.642
166.999 166.594
179.662 162.99
192.668 163.915
203.793 169.785
136.35 188.013
136.465 202.921
136.438 218.206
136.39 234.038
118.457 246.617
127.148 249.175
136.628 250.531
145.823 249.473
153.909 247.276
81.7555 188.724
92.2078 183.634
103.72 184.21
113.313 191.421
102.467 194.966
90.6042 194.329
159.84 191.557
169.558 185.539
180.126 185.008
190.129 189.443
180.633 194.857
169.717 194.849
104.934 276.111
115.085 270.991
125.499 266.179
136.314 267.709
146.969 265.738
157.018 269.772
166.468 274.965
156.743 281.266
147.261 286.03
136.446 287.571
124.846 286.423
114.418 282.207
122.673 274.966
136.159 275.902
149.309 274.702
149.163 275.415
136.478 276.146
123.277 275.152
