63.9297 150.691
73.7246 143.404
87.0428 143.149
99.7494 146.056
111.797 151.576
157.371 158.635
172.312 156.142
187.401 155.346
201.947 159.218
212.826 168.778
129.605 179.32
126.638 196.05
123.149 212.651
120.554 228.966
105.771 238.911
112.481 242.431
120.152 244.342
129.099 244.7
137.825 243.099
77.7135 178.028
88.5244 173.106
100.678 174.303
108.63 182.732
97.7061 183.917
86.9923 182.45
158.057 189.078
170.492 183.15
183.291 184.738
192.9 191.407
181.315 195.289
169.427 193.992
92.7222 264.827
100.34 258.176
110.579 254.639
120.657 257.973
131.442 258.025
140.275 264.83
147.679 272.438
139.212 277.44
128.863 280.457
117.39 280.849
106.824 278.282
98.6761 272.45
107.327 263.142
119.213 264.489
132.553 266.753
132.157 269.452
118.08 268.051
106.958 266.083
