75.8977 161.3
87.3768 156.534
99.6082 155.183
111.542 158.054
122.286 163.634
167.814 164.019
179.579 159.6
192.807 157.975
205.101 160.996
216.119 166.883
145.089 187.427
144.756 203.088
143.819 218.406
142.868 234.596
128.143 245.584
134.41 247.253
141.591 248.449
149.284 247.69
155.562 246.577
88.0627 184.908
98.6895 177.864
110.554 179.61
118.555 189.996
107.509 191.399
96.2076 189.955
171.262 191.843
180.287 181.838
192.936 180.892
203.297 188.96
193.677 193.484
181.461 193.802
108.413 272.9
118.354 267.763
128.721 263.323
140.363 264.25
153.115 263.538
164.392 268.323
174.143 274.742
165.19 284.323
154.06 290.594
140.425 293.231
127.628 290.165
116.907 283.177
125.914 273.5
140.544 273.767
155.71 274.675
155.694 276.336
140.592 276.868
126.37 275.39
