74.3436 103.371
86.1223 100.842
98.6248 101.506
110.833 104.588
122.248 109.938
167.044 119.123
179.498 116.847
191.481 117.597
202.855 121.452
209.636 130.475
140.162 138.461
137.098 155.272
134.489 171.849
131.489 189.125
113.377 195.536
120.664 198.667
128.771 200.964
136.497 201.998
144.177 201.456
80.6483 129.093
93.9869 125.252
106.89 127.904
114.486 140.122
102.273 139.613
89.9026 136.143
160.38 148.627
171.224 140.066
184.114 141.185
193.873 150.066
183.855 154.209
171.228 153.013
91.076 212.621
103.221 211.536
114.223 211.274
125.168 215.791
136.143 215.27
145.622 219.356
155.111 223.91
145.647 235.293
134.045 242.112
119.367 242.353
105.77 237.12
96.2816 227.102
107.986 215.397
123.84 220.719
139.983 222.247
138.081 229.15
121.662 229.526
106.258 223.083
