76.1089 103.907
84.7985 98.458
94.5515 97.9818
104.615 100.317
113.882 104.802
156.208 107.753
166.49 104.4
177.759 103.941
188.522 107.294
197.034 114.007
132.196 129.867
130.924 144.466
129.529 158.83
128.228 172.859
111.413 178.943
119.26 182.032
127.377 184.299
136.128 184.343
144.814 183.576
85.3348 126.24
94.0708 123.793
102.608 124.977
109.989 130.614
101.46 129.919
93.3529 128.735
156.256 134.334
165.775 129.387
175.507 130.027
183.636 133.78
174.313 135.141
165.407 135.024
98.7278 199.88
105.794 194.95
114.933 192.548
124.608 194.727
135.843 196.04
144.87 201.522
152.176 208.317
144.074 217.307
134.02 223.193
121.057 223.925
109.937 218.973
103.509 210.342
111.763 198.122
124.073 199.512
137.831 202.189
136.406 211.878
122.639 213.084
111.085 207.263
