75.9181 160.741
86.3938 152.69
99.9182 150.635
113.947 153.161
127.034 157.853
161.581 165.943
170.492 162.253
179.408 161.032
189.207 162.032
197.481 168.025
145.298 184.101
147.591 198.628
150.348 212.271
152.548 226.205
130.16 236.946
138.209 239.498
146.197 240.578
152.253 239.64
157.52 237.693
90.027 180.313
100.716 176.011
111.466 176.748
119.301 184.315
109.699 186.291
100.106 185.109
160.939 189.599
169.642 183.222
179.02 182.549
186.52 187.395
178.788 192.442
169.993 192.394
100.361 252.146
114.222 249.879
128.25 249.55
142.513 250.879
150.675 250.596
158.642 251.321
164.754 254.418
159.423 266.259
150.654 274.795
138.297 276.544
122.237 273.629
109.619 265.023
120.676 255.206
141.049 257.157
152.146 255.812
151.94 263.029
139.048 266.101
119.272 262.603
