69.1109 156.149
81.8725 150.799
96.467 150.966
110.223 155.648
122.29 163.189
160.666 173.896
168.49 171.196
176.129 171.286
183.502 173.096
190.059 177.168
137.91 193.248
137.685 207.944
137.832 222.864
137.277 237.057
111.947 242.901
120.45 248.041
130.318 251.999
137.984 252.071
144.731 250.417
83.254 180.66
93.1559 175.936
103.882 178.323
110.182 187.747
100.721 186.217
91.4706 183.558
154.299 198.199
163.223 192.523
173.279 193.752
178.162 201.682
170.877 201.855
162.388 200.196
83.6042 256.947
97.8881 256.116
112.216 256.989
125.807 260.071
134.5 261.337
142.939 263.933
149.183 268.921
141.494 279.69
130.757 285.995
118.537 286.88
102.961 281.981
90.4175 271.087
107.342 262.395
123.827 266.66
135.856 267.879
135.021 275.973
121.081 275.795
103.704 271.256
