89.7314 154.788
102.575 149.98
117.307 151.188
131.299 156.198
143.964 162.404
187 168.314
199.678 164.268
212.899 162.299
226.021 163.369
236.414 169.52
161.311 192.645
159.37 212.633
157.815 232.679
155.097 252.05
136.154 255.658
144.544 259.681
153.713 262.384
162.694 261.235
170.123 259.198
96.3914 181.184
110.797 175.89
125.324 179.136
134.351 192.314
121.156 192.668
107.241 190.127
185.52 198.153
198.098 187.508
212.246 186.712
223.049 193.806
213.152 200.677
199.529 200.732
115.924 266.693
129.555 267.989
141.923 268.577
154.989 269.566
165.787 270.34
174.811 270.683
184.317 271.615
177.48 284.324
167.272 293.403
152.005 295.623
135.519 292.133
123.832 281.537
136.292 273.423
153.524 276.954
167.338 275.88
166.557 281.431
152.655 283.167
135.62 279.511
