70.5688 95.2348
78.6489 90.0804
88.6844 87.1437
99.9557 86.339
111.222 86.9353
149.97 83.9382
162.352 80.9983
174.782 79.2923
187.124 79.1918
199.348 81.5992
132.205 108.723
133.578 122.297
134.715 135.386
136.245 149.074
125.916 162.284
131.151 163.076
137.525 163.05
145.701 161
153.303 158.703
86.3957 113.524
95.3048 107.395
106.03 107.625
114.887 114.861
105.687 117.3
95.5169 117.209
157.448 108.304
164.858 99.0538
174.98 97.6273
185.148 101.367
178.121 106.883
168.196 108.822
121.011 188.198
124.762 180.054
131.77 175.067
140.527 175.013
150.126 173.195
159.238 175.807
167.853 180.426
161.139 187.582
152.568 192.08
143.209 194.618
134.305 195.08
126.733 193.146
132.74 183.311
140.72 181.894
150.139 180.206
150.683 182.533
141.694 184.561
133.336 185.339
