64.7118 56.2894
76.7701 51.0374
90.4303 53.2172
103.707 58.0051
115.939 65.9647
158.322 74.6187
170.767 70.9799
184.13 70.1664
196.946 73.5172
206.471 81.7517
132.506 95.9312
129.881 111.156
127.617 126.54
125.194 141.093
110.53 149.271
116.199 151.651
123.224 153.575
130.579 153.863
137.548 153.409
79.9627 84.466
90.5282 78.755
101.836 81.6367
108.07 94.0079
97.3685 94.315
86.7434 91.5318
154.601 102.892
164.414 93.3684
176.274 93.6796
184.847 102.643
175.105 107.441
163.862 106.972
94.4833 167.999
104.041 165.897
113.28 164.893
122.712 167.244
131.959 167.579
140.398 171.231
148.633 176.114
140.355 182.486
131.321 187.427
119.631 187.645
108.641 184.152
101.298 177.119
110.833 171.804
121.548 174.403
131.941 174.984
132.225 176.116
121.468 175.859
110.821 173.627
