46.5327 152.21
57.9145 144.025
71.8788 141.977
86.1547 142.065
100.168 145.786
140.02 142.217
153.736 136.563
168.07 134.468
182.029 134.925
193.517 141.882
125.428 172.689
126.392 186.843
127.327 200.151
128.15 213.721
109.612 235.624
118.724 235.73
128.508 235.999
137.952 234.146
146.609 232.988
64.1707 182.14
74.3207 173.891
85.5507 172.962
95.698 179.634
85.9435 183.25
75.2852 184.293
153.014 174.951
161.312 166.057
172.086 164.183
181.856 170.38
173.001 175.044
163.118 176.33
95.88 270.693
105.39 259.687
117.649 252.37
131.755 251.87
145.143 250.726
157.491 255.527
167.628 263.516
159.021 269.483
147.382 274.005
134.931 276.445
121.365 276.425
108.057 274.537
116.56 264.373
132.781 262.058
147.508 260.766
148.236 261.254
133.181 263.071
116.136 264.436
