67.1502 115.308
74.8475 109.61
84.99 108.273
95.4867 109.134
105.676 111.994
152.224 104.978
161.089 102.341
170.205 100.353
179.494 99.3899
189.283 101.507
130.845 132.722
131.764 146.74
133.006 160.076
133.923 173.285
121.271 190.798
128.275 190.615
135.922 190.642
145.73 189.175
154.265 187.217
84.3396 135.092
91.8659 129.369
102.143 129.614
110.636 135.721
101.977 138.203
92.836 138.07
153.489 132.226
159.437 123.971
169.506 122.117
178.888 125.806
171.577 130.227
162.657 132.162
111.046 218.907
118.407 211.446
127.079 205.624
137.429 204.29
149.074 202.073
160.507 205.621
170.854 211.741
162.308 218.281
151.832 222.579
140.78 225.396
130.077 225.487
120.162 223.555
126.918 215.581
138.951 213.201
152.461 210.885
152.483 213.008
139.198 214.671
126.965 216.347
