82.1594 153.998
90.5714 149.709
100.072 150.189
109.496 152.28
118.47 156.374
161.664 160.735
170.58 159.22
179.508 160.309
187.333 163.673
192.788 169.302
136.836 189.449
135.563 202.267
134.416 214.378
132.718 226.132
115.544 234.505
122.344 237.552
130.389 239.569
138.249 239.447
145.504 238.366
89.6109 180.335
98.6891 175.545
108.183 176.386
114.044 184.41
105.753 186.572
96.5761 185.367
159.138 191.489
167.275 185.449
176.589 185.785
182.669 192.385
175.577 195.451
167.026 194.903
98.5912 249.227
107.834 246.913
118.015 247.504
128.319 249.961
138.18 250.265
146.847 252.083
154.303 256.796
147.288 266.929
137.419 274.098
123.76 275.516
110.97 270.959
103.029 261.123
114.184 252.893
127.296 256.303
139.144 256.259
138.416 263.816
125.227 265.154
111.932 260.32
