59.9556 100.332
69.2371 95.1799
80.3935 94.9594
91.5813 96.0602
103.544 97.7461
150.826 94.0194
162.923 91.082
174.941 89.4049
186.915 89.4541
198.538 91.173
124.976 129.802
125.087 145.686
125.471 161.109
125.702 176.756
112.455 187.534
118.755 188.723
125.669 189.175
135.611 187.047
144.706 183.758
76.505 130.12
85.5352 124.976
95.5935 125.537
104.202 131.599
94.9416 135.451
84.3452 135.229
152.483 126.515
160.463 117.981
170.323 117.15
180.028 120.06
172.855 126.752
162.691 129.085
104.16 207.837
112.006 206.219
121.232 203.378
130.553 203.744
143.896 201.377
157.04 201.179
169.706 200.154
159.817 210.697
147.496 217.212
133.693 219.659
121.736 219.569
111.782 215.502
121.347 210.641
131.73 210.144
147.142 207.432
148.158 208.937
132.979 211.221
121.358 211.544
