55.8364 144.729
65.189 136.737
76.6161 131.773
89.112 130.548
101.383 132.309
136.695 126.099
151.934 121.184
167.759 118.261
182.406 119.296
194.559 127.499
124.972 160.37
126.341 175.334
127.96 190.192
129.961 205.122
121.1 214.285
127.847 215.726
134.386 215.948
142.744 212.88
150.828 208.246
74.6229 162.461
83.2973 158.523
92.752 157.38
102.607 160.556
92.8488 163.093
83.3193 163.94
152.891 152.156
160.935 146.142
170.83 144.525
179.457 146.187
172.385 149.923
162.97 151.666
109.312 236.056
119.888 232.869
128.583 229.893
138.289 228.619
149.442 225.92
160.272 227.191
170.777 229.718
163.431 238.718
153.174 243.608
141.323 247.008
129.41 247.02
118.886 243.425
127.344 236.477
138.367 235.504
151.243 232.909
151.642 236.491
139.423 239.1
127.49 238.555
