72.0402 130.16
82.1175 125.995
93.4119 126.035
103.365 127.768
112.36 132.208
151.187 130.232
161.282 125.902
171.552 122.886
182.677 122.776
192.488 126.981
132.467 150.903
132.605 163.338
133.027 175.254
133.441 187.203
120.51 197.238
126.915 198.708
133.999 199.612
141.478 197.956
147.943 195.749
87.3305 151.801
94.9295 145.864
104.432 146.347
112.266 152.988
103.566 155.316
94.558 154.819
155.423 150.393
163.468 143.648
173.549 142.681
181.812 147.291
174.088 151.889
164.278 152.734
109.936 214.528
117.191 210.011
125.926 208.756
134.833 209.215
144.717 207.577
154.398 208.484
163.139 212.209
157.869 224.346
148.398 232.912
135.686 236.247
123.493 234.65
114.258 226.181
124.085 213.607
135.166 214.187
148.276 211.974
149.665 223.337
134.982 228.417
122.292 225.287
