64.9536 160.584
74.3969 156.298
85.1693 154.835
96.6084 155.361
108.16 158.323
151.212 156.106
159.995 152.327
169.458 151.303
178.959 152.59
188.033 156.494
131.546 181.626
133.775 195.489
135.966 209.275
137.744 222.947
122.796 233.528
129.078 233.856
135.499 234.044
140.998 233.17
146.122 232.578
79.1744 184.172
87.7722 177.214
99.2071 176.954
107.742 184.982
98.0268 186.615
87.692 186.256
151.598 181.785
158.727 174.419
169.274 173.416
177.731 180.108
169.892 182.939
160.31 183.475
99.9995 254.861
109.747 249.6
121.815 247.886
134.31 248.282
145.372 246.724
156.151 247.888
164.661 252.006
159.426 265.69
149.585 275.14
135.69 277.79
120.727 275.081
108.762 266.815
118.474 253.484
134.76 253.724
149.149 252.182
150.813 264.953
135.466 268.214
117.969 265.978
