66.5443 166.833
74.85 160.89
84.9907 158.385
95.6374 158.457
105.918 160.155
145.001 155.598
155.451 151.654
166.763 149.61
178.06 150.6
186.819 155.404
127.394 181.908
128.546 194.905
129.84 206.773
131.022 218.421
116.341 233.026
123.725 234.129
132.018 234.425
139.689 232.554
146.091 229.944
81.6297 188.415
87.7051 181.693
96.2308 180.659
103.943 186.047
96.9556 188.445
89.0282 189.121
150.772 182.837
157.313 175.528
166.974 174.39
174.411 180.3
166.811 182.709
158.725 183.678
104.736 258.804
113.687 250.149
123.474 243.96
134.399 244.065
145.114 242.108
155.974 245.74
165.759 251.26
158.589 258.587
148.618 264.736
137.77 266.975
125.875 267.363
114.448 264.301
121.784 254.354
135.516 252.154
149.704 250.667
149.814 253.59
135.844 255.686
122.058 257.006
