68.5867 149.184
72.6042 144.137
79.4579 142.905
86.6738 143.538
94.5626 146.073
131.968 136.976
146.578 130.67
161.708 126.56
176.762 128.019
190.126 134.605
117.901 164.658
118.934 180.529
119.195 196.098
119.202 211.085
118.182 224.461
122.745 225.443
127.975 225.25
135.219 223.73
142.174 221.25
77.9222 173.134
83.8156 165.627
95.2651 164.781
104.389 172.79
95.4811 177.316
84.8086 179.068
146.831 166.516
153 155.517
165.705 154.118
178.085 159.087
169.756 166.035
157.415 168.737
117.488 250.396
119.387 242.633
124.567 237.324
132.542 237.271
143.952 235.717
156.059 239.033
169.648 242.263
164.214 255.056
154.839 263.229
142.143 267.776
130.248 265.854
122.542 258.685
124.917 244.563
134.906 242.512
149.862 240.811
152.88 251.761
139.755 257.621
128.643 255.769
