66.0409 154.185
78.3281 148.479
92.3366 147.322
105.319 149.095
116.825 154.249
161.365 156.563
170.671 153.877
180.164 153.97
188.801 157.044
194.965 163.803
139.295 180.977
139.244 195.606
139.353 209.483
139.078 223.806
120.238 232.577
127.595 235.501
135.7 237.428
142.684 236.748
148.312 235.139
78.6064 177.058
88.8445 170.657
101.024 172.255
108.524 182.506
97.8161 183.916
86.7493 182.263
155.427 186.162
163.958 176.632
175.855 176.041
183.722 184.732
175.973 189.237
165.443 188.965
88.4007 253.326
102.246 249.781
116.216 249.242
129.743 252.036
141.415 250.925
151.223 253.564
158.609 258.287
152.549 270.565
142.592 280.001
127.907 281.903
111.396 277.458
98.6738 267.065
110.034 253.885
129.087 257.362
144.017 257.272
145.345 269.87
128.114 272.833
108.424 267.588
