63.6859 159.333
72.8685 153.334
84.3129 151.074
95.6421 151.835
107.653 154.551
162.663 153.569
177.138 152.227
190.998 152.695
203.674 157.854
211.711 168.349
135.736 182.655
133.527 201.012
130.943 218.709
128.91 236.676
112.908 244.196
120.181 246.739
128.151 249.001
137.267 248.231
145.65 246.593
78.4611 178.179
90.5427 172.344
103.465 174.549
112.816 184.969
99.8852 185.259
88.2299 183.403
159.004 188.949
169.884 179.891
182.959 179.795
194.614 187.482
183.267 191.877
171.204 191.741
92.0335 254.868
104.999 258.43
116.441 260.603
128.538 262.651
139.433 262.761
149.687 263.731
161.23 264.207
149.938 270.967
139.821 276.189
125.754 277.652
111.72 273.712
102.364 265.809
112.26 264.191
127.808 267.677
141.085 267.373
139.927 269.83
126.236 271.047
111.529 266.166
