68.0559 170.882
73.508 163.498
83.4124 162.228
92.9467 163.706
102.335 166.588
141.437 160.339
150.502 155.164
160.379 151.493
171.026 151.385
180.244 154.894
126.599 188.058
128.056 201.956
129.464 215.639
131.196 229.787
123.221 238.699
127.932 239.415
134.154 239.571
140.775 237.639
147.427 235.57
80.7165 190.501
88.4133 183.202
100.009 182.563
109.591 190.326
99.297 194.625
88.379 195.314
145.623 186.059
152.147 175.106
164.478 172.347
176.391 176.299
168.34 183.767
156.708 186.711
118.571 256.163
123.888 253.405
131.039 252.603
139.023 252.19
149.366 249.493
159.377 247.472
169.735 247.112
166.105 259.062
158.458 268.543
146.447 273.497
134.651 271.763
126.702 264.574
129.937 256.152
140.433 256.988
154.728 252.138
157.507 257.963
143.547 263.706
131.545 261.167
