53.8662 60.341
66.8938 55.2152
81.391 55.7502
96.0436 59.8529
110.171 65.6208
163.882 63.536
179.296 57.71
195.276 53.7034
211.351 51.7174
225.142 56.6732
141.162 105.551
142.374 125.266
143.663 144.895
144.778 164.182
125.94 170.033
134.405 173.869
143.487 175.755
153.833 173.135
163.159 169.029
73.7812 95.9554
87.2407 91.6296
100.033 94.3209
108.908 103.09
97.624 107.296
83.8864 104.868
173.143 101.429
184.296 92.1449
196.876 90.6569
209.308 96.5069
198.93 104.905
185.805 106.276
102.881 185.257
118.475 188.305
130.715 189.7
142.22 193.974
154.546 191.213
167.302 191.003
182.665 188.796
171.67 200.333
158.222 207.974
142.727 209.802
126.592 205.936
112.819 198.123
123.094 192.871
142.28 198.146
159.803 195.987
160.901 198.428
143.698 199.692
122.935 194.32
