83.5156 97.2658
94.4833 95.2598
105.345 97.1264
115.532 99.5951
126.316 103.196
184.432 103.498
200.192 98.5704
215.527 95.0457
231.82 95.6146
244.745 102.718
150.84 145.069
147.368 166.394
143.594 186.928
140.092 207.081
124.714 210.003
133.646 214.163
143.98 217.29
157.446 215.139
168.47 211.151
89.2091 130.597
103.43 127.233
118.081 131.601
128.508 143.904
113.028 145.734
97.8057 142.56
183.229 145.734
196.327 134.288
210.533 134.654
224.646 141.503
212.653 148.742
198.321 149.484
113.786 226.042
124.709 229.242
136.612 230.705
149.425 233.746
164.497 233.21
178.232 233.262
195.611 228.729
182.217 244.703
168.34 254.438
149.021 257.047
133.658 250.75
123.825 239.701
131.406 234.49
150.089 239.507
170.999 238.329
171.21 242.908
150.585 246.234
131.969 239.309
