52.5838 114.315
62.4888 105.706
75.6559 101.347
88.9753 98.7448
103.578 98.0485
141.849 85.9284
151.957 78.9314
162.943 74.3638
174.527 71.4334
185.573 72.9195
129.901 117.04
134.95 132.49
140.114 147.599
144.991 162.484
131.48 176.157
139.115 174.743
147.575 173.332
154.213 170.342
160.729 167.241
72.035 130.54
80.5485 121.894
92.7018 118.993
105.133 125.322
94.5267 131.322
82.5595 134.124
151.737 111.878
157.915 100.155
169.129 95.218
181.329 96.5955
175.04 106.615
163.817 111.079
124.96 200.949
133.406 195.066
141.651 190.06
151.783 188.646
159.934 185.154
169.066 184.613
178.205 184.717
172.772 195.065
166.98 203.828
157.306 209.027
145.942 210.072
135.196 206.907
141.509 198.892
153.509 197.118
163.979 191.88
164.037 192.626
153.722 197.394
142.58 198.841
