62.849 159.889
71.9746 151.572
84.2282 148.839
96.688 150.259
108.705 154.018
152.477 154.14
162.027 149.428
172.591 147.835
182.834 150.486
190.379 156.687
130.508 181.8
131.607 194.583
133.151 206.694
134.502 218.948
114.495 231.666
123.299 232.361
132.678 232.802
139.659 231.893
145.965 231.361
78.3562 180.85
88.8301 174.095
99.7262 174.497
107.534 183.403
97.9276 186.609
87.6684 186.11
152.488 182.898
159.569 173.828
169.23 173.085
177.57 180.04
170.3 184.862
161.272 185.552
98.5082 258.304
109.882 253.853
120.649 250.555
131.477 250.68
140.624 250.2
148.841 252.319
157.046 255.849
149.762 261.888
141.313 266.046
130.574 267.959
119.061 266.957
108.054 263.344
118.119 258.151
131.408 257.893
141.245 257.131
141.715 257.588
130.973 258.672
117.958 258.27
