64.859 96.6902
73.7785 92.0282
84.2665 89.4681
95.4171 89.7396
106.817 92.6011
147.304 94.226
158.481 89.4419
170.33 87.0922
182.48 88.0102
193.071 91.1349
127.782 114.862
127.529 132.513
127.414 149.78
127.539 167.336
114.033 179.366
120.947 181.633
129.041 183.089
139.426 181.279
148.24 178.159
76.2406 121.564
85.7535 114.645
97.54 114.061
107.836 122.982
96.7479 125.293
84.8123 124.957
154.616 120.59
163.509 110.013
175.993 108.278
187.03 114.287
178.141 119.693
166.142 121.146
100.205 198.576
108.573 196.592
119.102 197.321
129.446 198.673
142.414 196.873
154.514 196.185
165.831 197.009
155.011 204.768
144.808 210.458
131.73 213.315
118.932 211.42
108.843 206.145
117.513 202.408
130.369 203.957
147.596 200.974
147.372 201.404
130.798 204.261
117.407 202.862
