62.9156 154.226
72.3363 151.294
84.3126 153.729
96.3948 157.882
108.51 161.918
140.934 161.011
156.441 156.424
172.616 152.158
188.944 151.649
203.016 158.165
127.068 178.672
126.817 196.496
126.343 214.699
126.086 232.051
115.285 239.137
121.085 241.478
129.292 242.422
137.427 241.267
145.573 239.557
75.929 178.726
84.6934 172.902
96.9856 174.269
106.442 186.532
95.2832 188.871
83.1116 186.853
154.932 186.832
164.673 174.505
178.317 173.207
191.686 181.079
180.536 188.603
166.978 189.853
106.594 255.228
113.483 257.14
121.492 258.693
131.624 259.886
143.07 259.306
153.685 258.497
166.07 256.661
157.187 267.499
147.155 274.927
132.84 277.89
120.711 273.548
114.159 265.302
120.57 260.882
132.562 264.265
146.847 262.94
147.276 267.161
133.302 270.585
121.248 265.683
