70.496 99.5759
79.3633 91.5862
89.9574 87.9238
101.09 87.9041
111.286 91.889
148.294 92.4593
157.705 89.102
167.909 88.5736
177.183 92.0105
184.316 98.9513
129.777 115.182
129.63 127.421
129.835 139.37
130.145 151.175
118.595 163.808
123.542 164.967
129.017 165.782
134.03 165.511
138.589 164.554
85.7465 116.789
93.1795 111.732
101.572 111.903
107.39 117.887
100.373 119.214
92.8443 119.16
148.411 118.865
154.776 112.281
163.238 112.181
168.991 117.954
162.783 120.651
155.356 121.05
99.0516 185.363
108.686 182.598
117.495 179.278
126.561 180.251
134.855 179.825
142.462 182.999
150.149 186.351
143.325 192.71
134.886 197.057
125.468 197.876
116.073 196.364
106.832 191.68
114.975 185.947
126.133 186.011
136.833 186.327
136.879 187.597
126.137 188.024
114.828 186.92
