58.7023 159.581
67.5831 150.801
80.8798 148.585
94.3096 150.042
107.567 153.971
146.491 152.661
159.976 147.562
173.746 145.814
187.532 146.866
196.913 155.973
125.421 179.704
124.486 194.438
123.682 208.562
122.841 222.815
107.799 232.81
115.278 234.09
123.326 235.144
131.647 233.949
138.71 232.44
72.9755 180.482
82.3844 173.55
93.6908 173.932
101.892 182.841
91.968 185.052
81.2316 185
149.061 182.783
156.99 173.469
168.37 173.566
178.982 179.454
169.281 184.15
158.508 184.556
92.5617 256.124
101.67 250.884
111.239 247.198
122.006 248.992
133.352 246.21
144.343 249.713
154.012 255.788
145.293 264.401
135.088 270.464
121.733 273.826
108.876 271.292
99.8169 264.994
109.83 253.979
122.298 254.402
134.693 252.822
135.451 258.639
122.737 261.763
110.334 259.931
