40.1662 166.307
48.3536 161.218
57.1395 159.843
66.4372 160.723
75.7366 163.469
117.979 159.888
131.518 155.742
145.447 154.096
158.918 156.226
171.034 161.584
98.6107 185.594
97.4483 199.16
96.0974 212.912
95.5863 226.984
82.5965 236.784
90.8761 240.419
99.7221 241.815
109.32 239.102
117.859 233.988
53.9412 186.682
61.3736 179.119
71.7262 179.43
80.2426 188.066
71.3151 188.525
62.6523 188.476
124.128 186.149
131.402 175.999
142.148 174.991
152.853 180.455
144.208 183.852
134.349 185.009
72.2318 256.776
78.4584 250.399
89.0622 248.24
100.277 248.294
114.846 247.677
129.704 249.494
143.194 256.12
135.962 270.79
122.472 279.558
105.054 281.878
89.7849 279.985
78.4397 270.869
87.1847 253.495
101.157 254.635
120.473 252.548
125.64 268.713
104.589 271.385
86.6796 268.567
