75.7427 69.7163
84.9447 67.2644
95.1888 68.9593
104.773 71.4448
113.887 75.7774
156.467 79.5962
166.642 77.9794
176.432 77.752
185.496 79.8497
192.823 84.0268
132.792 102.161
131.529 118.872
130.639 134.726
130.092 150.503
113.161 154.665
120.535 158.741
128.783 161.445
135.873 160.388
142.383 157.709
79.9782 94.2403
90.4933 89.844
102.222 92.1342
110.288 101.732
98.9236 103.571
87.7061 101.401
152.935 107.615
161.515 99.0191
173.048 99.2815
182.215 106.014
172.603 110.127
161.662 110.036
97.8363 165.735
108.357 167.759
117.94 169.898
127.719 172.066
135.863 172.475
144.129 171.588
152.086 171.775
143.372 178.167
135.463 183.109
124.375 184.029
113.092 181.123
105.633 174.669
115.385 174.559
126.757 177.208
137.086 176.631
136.709 174.563
126.537 174.959
115.349 172.347
