33.2124 18.6772
44.6312 9.46291
60.2061 9.91569
75.7803 15.0896
89.9846 23.182
147.545 25.1808
166.598 20.6854
185.473 20.2664
203.369 24.9555
217.686 36.0704
117.907 68.1331
113.198 86.8867
108.127 105.955
103.423 124.876
86.9952 144.494
94.2389 147.82
103.437 150.686
115.133 151.312
126.511 151.565
43.8792 56.9121
58.5898 48.3568
74.8661 52.4282
86.3865 68.7898
69.8289 68.6466
54.0572 65.945
151.716 74.3387
163.908 59.8778
182.101 58.411
197.752 69.6396
183.395 77.8292
166.493 79.0191
69.9281 176.586
80.9073 172.536
92.732 170.875
105.71 175.051
118.357 174.502
131.281 179.789
143.624 186.586
132.241 195.446
117.729 199.41
101.901 198.813
88.7816 194.679
78.5207 187.585
87.2975 180.447
105.956 185.127
124.338 185.226
123.965 187.783
104.565 186.932
87.1668 183.863
