68.8825 154.693
78.5117 151.09
89.3273 149.804
99.8682 150.572
109.268 155.608
158.074 153.655
168.465 150.375
179.499 149.363
190.249 151.218
198.748 156.884
132.955 181.098
132.115 193.654
131.545 206.107
131.172 218.022
118.518 230.273
124.806 231.803
132.027 232.469
139.789 231.491
145.765 230.07
82.5974 173.999
91.4097 168.809
102.446 170.065
109.971 178.9
100.112 181.21
90.4488 180.034
157.584 179.895
164.358 171.27
175.297 170.66
184.332 176.699
176.367 182.422
166.8 183.544
105.853 254.335
114.305 250.445
123.382 249.095
133.163 249.677
142.116 248.967
150.926 251.229
159.764 255.205
152.368 261.986
142.961 265.971
131.963 267.3
121.753 265.186
113.131 260.411
122.243 255.137
132.855 256.295
143.303 255.537
143.526 256.031
132.617 257.087
121.671 255.304
