70.4622 162.26
74.5351 156.158
81.0754 151.842
88.8156 148.383
97.5283 147.023
132.75 133.965
143.381 128.384
154.455 124.623
166.271 122.185
177.817 123.369
125.908 166.41
129.038 178.649
131.682 190.483
134.423 202.092
133.671 218.837
137.947 217.361
142.83 215.71
148.805 213.232
154.242 210.421
85.4242 181.275
91.2132 173.961
101.222 170.866
112.017 173.684
104.296 180.893
94.4441 184.413
147.342 159.17
153.981 150.468
164.308 146.613
175.758 146.143
168.969 155.147
158.449 159.868
135.98 244.636
137.007 238.234
141.266 232.528
148.526 230.27
156.456 226.911
165.264 228.358
173.103 231.299
168.707 238.084
163.189 244.109
156.229 247.957
148.777 249.365
141.979 248.346
145.021 239.455
151.013 236.506
159.254 233.297
159.581 234.654
151.966 237.764
145.964 239.754
