65.8584 164.436
76.1566 158.795
87.8463 156.561
100.477 158.149
112.578 162.521
140.378 162.54
155.511 157.078
171.718 154.452
187.993 156.551
202.883 163.701
127.67 185.456
127.787 199.364
127.791 212.926
128.145 226.49
112.117 236.432
119.426 238.655
128.27 239.747
138.22 238.1
147.671 234.913
72.8099 188.053
83.256 182.114
94.9623 181.813
105.045 188.547
94.7971 190.498
82.527 190.901
153.564 185.104
163.708 178.8
175.07 178.144
186.131 182.701
176.244 185.222
164.546 186.195
98.4377 262.077
107.983 255.381
119.117 252.816
131.467 253.474
144.902 251.554
157.391 253.283
169.086 257.752
159.758 269.573
148.103 278.802
131.805 282.422
117.726 279.402
106.71 271.772
117.182 260.699
132.125 260.713
147.038 258.02
148.833 267.629
132.221 272.841
116.388 269.91
