62.9472 174.796
68.8848 168.196
78.1825 163.906
88.5548 161.797
99.2919 161.289
159.254 145.486
166.386 140.795
173.565 137.341
182.056 135.804
189.4 137.404
137.252 183.769
142.357 198.067
147.332 212.384
151.586 226.743
136.08 238.029
144.497 239.107
153.012 238.802
159.653 234.987
165.232 230.308
81.581 193.142
89.6286 182.983
101.964 180.211
112.7 188.432
103.062 193.604
91.8409 195.853
159.347 175.856
165.548 163.347
177.459 159.442
189.059 164.613
180.837 172.232
170.234 175.816
119.038 262.686
129.231 256.307
140.52 253.401
152.314 252.398
162.766 248.979
172.91 246.582
183.079 246.039
180.005 261.169
171.891 272.723
158.287 279.399
142.332 279.889
129.393 273.286
138.506 258.795
153.417 257.499
167.708 251.49
170.274 258.931
154.866 267.619
138.913 267.763
