72.3827 170.555
80.8425 165.716
90.4918 164.746
99.721 165.78
109.114 168.636
151.259 161.726
160.863 157.109
171.223 154.479
181.398 155.772
190.421 160.037
132.25 190.386
132.848 204.286
133.82 218.457
134.738 232.718
121.935 241.86
128.724 244.053
136.097 244.447
143.929 242.526
150.693 239.55
82.2176 192.555
91.203 184.22
102.661 184.815
111.472 193.586
101.916 197.014
90.9453 197.091
153.376 189.459
159.676 178.739
171.063 176.407
181.43 182.548
173.876 188.962
163.607 190.657
107.622 257.985
117.85 256.731
127.348 255.284
137.299 255.471
148.385 254.433
159.974 254.288
170.898 254.56
161.974 264.982
151.277 272.931
138.18 276.455
125.203 275.353
114.8 268.342
125.263 261.203
138.1 262.073
151.981 260.125
152.135 262.878
138.016 265.477
124.214 264.949
