79.6519 156.005
88.2532 152.794
97.7114 154.693
106.625 157.433
116.045 160.89
148.377 163.133
162.569 161.523
175.858 161.757
188.974 164.536
201.497 170.369
128.174 184.715
125.804 201.647
123.248 217.705
120.763 234.147
112.941 239.963
117.703 243.745
125.081 245.702
134.226 244.276
142.849 241.534
82.7683 178.126
92.0131 174.334
102.232 176.6
110.625 184.759
100.564 185.873
90.0685 183.837
152.853 189.976
163.117 182.226
175.499 183.496
187.565 188.542
176.448 193.222
163.9 193.405
111.581 261.821
114.738 258.652
120.408 257.931
126.669 259.775
138.316 258.628
149.051 261.976
160.385 266.64
152.335 275.784
141.851 282.055
129.395 282.924
120.237 278.605
115.004 271.262
121.148 265.887
127.734 267.485
140.124 266.79
141.994 269.205
130.553 269.791
122.962 267.023
