76.6596 147.95
83.9094 146.04
91.9427 147.834
99.2206 151.006
105.819 155.774
139.452 154.08
152.331 150.734
166.127 150.402
179.047 152.514
190.17 159.305
118.491 178.442
114.748 193.501
110.826 207.756
107.549 221.857
101.003 233.676
105.838 236
112.486 237.508
120.363 237.146
127.823 236.068
79.725 175.043
87.005 167.73
98.2884 169.896
106.731 181.228
96.2293 183.425
86.1999 182.132
145.215 183.033
153.498 173.09
165.963 173.447
177.027 182.308
166.464 187.268
154.924 186.816
96.269 259.193
100.254 253.442
107.216 250.909
115.537 252.064
127.428 252.127
138.755 255.265
149.692 260.302
139.909 267.722
129.227 272.532
116.718 274.008
106.958 271.939
100.873 266.366
106.09 257.329
115.739 258.293
131.191 258.102
131.935 264.709
116.696 265.414
106.436 263.752
