28.2766 53.9418
40.2222 51.5965
51.6626 54.2641
62.2012 60.5711
71.2952 68.167
112.141 70.3726
126.409 65.535
140.645 64.0048
155.131 65.5358
167.713 72.1419
92.3021 84.4987
92.1284 104.379
91.3592 124.399
90.6922 143.864
73.301 149.673
80.2885 154.386
88.7284 157.222
98.035 157.009
105.129 154.827
36.029 78.3036
48.1059 72.8989
61.3181 77.5374
69.9343 89.8125
57.1821 91.8975
43.9769 89.34
118.805 96.1674
129.345 86.6066
143.072 87.1311
154.327 96.7242
143.471 101.518
130.046 100.882
57.9463 174.223
68.828 172.478
78.9663 170.536
89.0081 173.212
99.7432 173.31
108.966 178.049
117.823 182.962
108.633 190.903
99.4004 194.583
87.7296 195.158
75.4148 190.957
66.0668 184.154
74.8777 178.036
89.1672 181.387
102.717 182.016
101.702 183.57
88.6201 182.992
74.5025 179.6
