68.1211 161.572
75.6288 157.013
85.7259 157.481
96.1643 159.468
107.052 161.917
158.281 162.712
170.16 160.652
181.46 159.944
192.424 162.242
201.339 169.043
135.191 182.972
135.541 198.013
135.546 213.214
135.207 228.455
123.427 240.56
129.581 241.112
135.952 242.028
142.176 242.541
148.084 242.406
82.7127 176.216
93.4286 170.657
105.201 172.064
113.853 182.842
102.745 185.567
90.7998 184.207
156.626 185.994
167.334 176.302
180.278 176.84
191.933 183.786
181.22 189.802
167.981 189.117
113.672 264.675
119.556 258.017
127.005 253.833
135.208 255.663
144.909 254.068
152.931 258.756
159.171 266.421
154.14 276.118
146.085 283.13
134.295 284.976
123.64 282.264
117.298 274.656
127.652 262.526
135.754 262.951
145.053 262.98
144.409 268.597
134.884 270.564
127.453 267.71
