70.3075 164.533
77.6701 159.45
86.9077 156.928
96.4323 157.012
105.508 159.881
144.418 154.339
153.107 150.301
161.591 148.042
171.212 147.949
179.731 150.291
129.353 179.535
130.661 193.723
132.01 207.877
132.949 222.092
120.712 233.202
126.975 233.461
132.906 233.621
138.409 231.851
143.523 230.66
79.9684 183.09
87.3554 175.345
97.3062 176.019
105.324 184.5
96.4075 186.267
87.5778 186.369
148.429 179.209
154.751 169.018
165.239 168.072
174.125 174.473
166.299 178.61
157.161 179.679
105.633 255.622
113.2 248.979
122.336 246.154
132.117 246.534
142.693 244.663
152.142 246.172
160.738 249.806
154.833 258.921
146.176 265.275
134.74 268.167
122.918 267.011
112.819 262.814
121.86 254.679
132.93 255.353
146.197 252.21
146.626 254.005
133.081 256.486
121.353 256.201
