65.9688 155.763
77.7738 149.473
91.4791 148.556
105.315 150.708
118.227 155.026
151.149 156.471
163.259 152.179
176.013 149.526
189.525 149.691
201.728 154.314
133.234 180.705
133.399 193.46
133.692 205.763
134.115 217.582
121.332 234.46
127.663 235.147
135.106 235.527
141.677 234.709
147.449 234.622
80.2364 180.276
90.0877 174.749
100.845 174.46
109.327 182.587
99.2943 184.963
89.2508 184.405
159.529 181.863
167.37 173.413
176.782 173.237
186.205 179.11
177.943 183.053
168.491 183.464
103.546 260.227
113.843 254.971
124.203 251.499
135.438 251.667
146.825 251.356
156.708 254.84
165.845 260.7
157.671 268.801
147.159 273.305
134.679 274.867
122.409 273.245
111.339 268.953
123.67 260.661
134.773 261.009
145.148 260.871
144.922 261.321
134.335 262.692
123.996 261.668
