54.6862 154.253
63.9982 148.153
76.9191 150.471
89.4573 155.799
100.87 163.58
137.68 163.302
151.709 155.323
167.792 149.884
184.829 148.839
201.096 154.37
121.882 182.267
121.595 201.259
120.781 220.047
120.557 238.818
106.192 245.094
114.829 248.469
125.281 249.731
136.098 248.456
145.644 245.65
69.8507 178.489
79.9408 173.635
93.1992 175.315
105.303 183.188
92.2892 186.336
78.9036 185.695
147.371 184.979
158.114 175.982
171.526 175.068
185.411 180.064
173.986 186.869
160.094 187.437
103.339 259.166
109.789 259.166
118.236 260.692
128.281 263.012
141.71 261.449
155.328 260.534
171.382 260.333
160.96 273.795
147.706 283.571
131.998 286.59
118.973 281.988
111.061 272.281
116.632 265.333
129.734 268.489
146.028 266.004
147.711 271.188
131.168 275.643
117.634 269.644
