53.8191 116.305
64.2268 113.632
76.2402 115.442
88.9742 117.736
101.607 120.241
142.414 116.927
154.754 113.565
166.698 110.319
178.168 107.084
190.267 106.36
121.164 128.885
122.555 147.358
124.005 165.937
125.285 183.348
111.241 191.627
117.937 193.686
125.977 194.534
135.395 192.257
143.273 188.974
65.1689 128.531
75.5214 122.086
88.7438 122.57
98.572 133.413
87.3164 137.209
74.1784 136.446
143.218 129.234
152.19 118.011
165.106 116.104
176.641 119.875
168.316 128.25
155.543 130.81
100.527 211.546
110.467 210.753
119.559 209.707
129.721 210.972
138.971 207.878
147.991 207.698
158.275 208.193
150.491 217.745
142.221 224.923
131.667 228.177
119.221 226.388
109.757 220.719
116.742 215.231
129.714 217.452
141.793 213.218
141.256 213.932
130.071 217.798
116.814 215.852
