60.918 162.562
71.3718 156.017
84.3071 155.458
97.4779 157.742
109.769 162.497
151.186 161.931
163.314 158.152
175.567 156.802
187.241 157.852
197.201 164.386
130.569 181.948
130.734 199.628
130.846 217.362
131.116 235.008
117.575 241.333
124.349 243.121
132.222 244.011
139.512 242.672
145.781 240.85
78.2302 184.741
87.8122 178.643
100.236 179.983
109.281 189.504
97.9119 190.888
86.108 190.365
150.785 188.222
159.603 178.58
171.872 177.012
181.836 183.441
173.41 188.376
162.377 188.874
102.658 262.405
112.58 259.187
123.077 257.748
133.833 258.384
144.204 256.611
154.249 256.829
163.949 258.918
157.706 270.356
148.672 280.352
135.126 284.659
120.763 281.987
110.387 273.476
121.137 261.567
134.243 261.927
147.085 260.08
149.089 270.361
134.667 275.529
120.052 271.93
