68.2289 169.091
78.2934 164.858
89.3732 165.764
99.889 167.976
110.05 171.649
148.797 171.03
159.176 165.717
170.191 161.672
181.928 159.364
192.998 162.841
131.896 192.218
132.83 208.318
133.824 223.897
135.035 239.251
120.477 243.989
128.078 245.863
136.588 246.775
144.114 244.866
151.351 241.177
80.6225 191.736
90.5383 185.147
102.18 185.901
111.352 195.62
100.446 196.772
89.7028 196.04
153.108 193.36
160.931 183.518
171.887 181.086
181.969 185.986
174.489 191.902
163.721 193.61
106.599 262.24
116.751 259.68
125.462 256.76
135.613 256.413
146.092 254.656
155.94 254.96
166.439 256.21
159.12 268.373
150.954 276.622
138.339 281.011
125.173 279.229
114.829 272.901
122.657 263.49
136.715 263.45
151.037 260.831
151.276 266.268
137.04 270.056
122.895 269.313
