68.7133 175.54
74.6058 167.032
83.6365 162.658
93.2145 162.581
102.556 164.942
141.552 155.085
156.296 148.74
172.139 146.079
187.177 149.285
199.025 158.675
127.001 188.437
126.708 204.112
126.604 218.759
126.788 233.807
116.722 245.276
124.753 247.783
132.993 248.026
142.402 245.504
151.17 241.098
84.4675 196.59
90.8324 189.567
99.9761 188.55
108.613 193.435
101.052 197.154
92.7421 198.066
155.192 185.58
162.454 177.481
172.733 176.494
182.879 180.57
174.342 184.994
164.649 186.138
108.938 267.221
115.923 262.366
125.254 259.071
136.161 258.236
150.886 255.282
166.014 255.498
181.25 257.386
171.99 271.248
158.443 282.842
141.724 288.42
127.423 287.632
116.032 279.108
123.292 265.772
137.766 264.849
159.054 260.774
162.409 271.849
140.329 278.678
123.261 277.021
