57.8752 130.564
69.5059 124.901
84.1288 124.316
98.6438 127.467
111.676 134.24
156.263 134.622
172.238 128.245
188.032 124.648
204.861 125.257
220.725 129.874
138.05 162.257
137.925 178.325
137.719 194.016
137.268 210.234
123.328 223.146
131.321 225.762
139.511 227.462
149.671 225.908
158.755 222.737
79.4165 163.041
89.283 155.677
103.278 157.462
114.429 168.423
102.301 171.27
88.94 169.811
164.033 164.223
174.099 153.416
188.774 151.42
202.39 156.748
191.43 164.028
177.725 166.159
112.938 240.64
121.972 238.659
131.711 238.004
141.841 240.403
154.193 238.725
165.492 239.916
177.657 240.543
167.592 249.335
156.251 255.346
143.023 257.26
130.482 255.272
120.53 250.343
129.281 245.233
142.78 247.53
157.866 244.991
157.41 244.995
142.518 246.643
129.265 245.011
