58.1748 67.6602
69.0887 62.6905
81.3099 61.0347
95.0107 61.0341
108.975 62.399
163.478 61.4978
176.167 59.148
188.318 57.5038
199.682 56.486
209.488 60.7741
135.757 94.3736
136.706 112.84
138.015 130.883
139.322 149.485
123.039 164.223
131.239 164.143
141.212 164.056
149.007 162.394
155.965 161.019
69.7582 98.5391
82.2306 91.1146
95.8104 89.9944
108.258 101.294
94.8171 104.131
80.7451 103.96
163.458 97.1599
174.462 86.7222
187.349 85.4717
200.685 89.7235
190.023 97.3231
176.387 99.1324
109.394 191.936
120.832 188.958
131.169 186.034
142.301 184.577
150.938 181.711
158.717 181.067
166.463 181.471
158.698 189.099
152.946 195.065
142.729 198.732
131.004 198.77
120.426 195.835
127.696 191.349
141.882 191.25
154.433 186.538
154.049 186.19
141.503 189.541
128.073 190.858
