61.6667 169.018
69.7469 160.388
80.3958 154.695
92.0495 152.098
104.202 151.942
145.556 152.403
159.251 150.394
172.58 150.901
183.884 156.237
192.259 165.406
125.227 180.322
125.454 188.999
125.431 197.64
125.471 206.487
112.462 227.738
118.703 226.447
125.895 226.239
133.572 226.238
139.792 226.593
75.0736 185.035
83.1446 175.936
94.3726 175.131
103.213 184.359
93.1575 185.874
83.4756 186.232
149.973 184.507
158.53 175.414
170.103 175.344
178.567 184.774
170.105 185.579
159.893 185.848
99.2211 258.805
105.634 249.517
114.076 241.625
124.954 239.797
134.926 241.069
142.081 249.273
147.542 258.291
142.689 266.651
134.58 271.873
124.005 274.391
112.98 272.561
104.356 267.022
113.931 250.983
124.601 248.824
134.737 250.859
133.768 259.738
123.877 261.351
113.641 260.156
