77.7901 162.874
88.9121 159.668
100.74 160.995
111.537 165.214
121.237 171.443
162.908 183.374
173.424 182.373
183.934 182.505
193.952 186.259
200.548 194.698
136.761 197.543
133.291 209.413
130.209 221.142
127.375 233.4
108.954 237.453
116.043 242.095
124.246 245.337
132.037 246.266
139.385 245.033
87.0414 185.049
96.7445 182.021
106.297 184.956
111.825 193.739
102.866 193.132
94.0142 189.956
157.343 205.998
166.762 201.211
176.49 202.77
183.5 210.418
174.785 211.121
165.662 209.541
89.5599 254.16
99.4719 251.28
111.256 252.291
122.196 255.752
132.619 257.155
142.316 261.103
150.511 267.611
141.382 275.669
129.744 279.356
115.984 278.391
103.083 273.959
93.4935 266.153
106.502 257.011
120.941 260.707
133.834 263.239
132.62 272.03
118.127 269.938
103.258 265.854
