66.6507 147.578
77.2706 142.937
89.9046 143.373
101.981 147.113
114.178 151.868
159.1 154.171
170.691 149.198
184.039 146.951
196.501 148.948
206.166 155.963
135.84 175.186
133.774 190.834
132.068 206.438
130.397 221.642
108.065 228.922
117.573 233.315
127.643 236.212
136.656 234.691
144.665 231.684
76.4677 168.538
86.7803 165.326
97.157 166.056
106.045 172.518
95.6546 174.944
84.9671 173.8
155.685 178.697
165.443 172.156
176.295 173.298
186.663 178.322
176.581 181.985
165.749 181.774
89.6674 242.207
101.64 243.728
112.978 243.681
125.479 245.609
136.562 245.342
146.971 246.699
157.603 248.193
148.476 259.061
137.599 265.771
123.045 267.265
108.316 263.447
98.1962 254.576
109.051 246.703
124.753 249.633
138.562 249.354
139.12 256.332
124.703 259.351
108.158 253.912
