76.8815 166.887
85.9511 164.979
95.2771 165.758
104.209 167.617
113.515 171.319
148.072 168.552
158.544 164.982
169.277 161.855
180.457 160.701
190.937 163.462
129.604 192.587
129.136 206.992
128.607 220.787
127.958 234.226
117.366 238.939
123.371 242.173
130.147 243.731
138.617 241.787
146.37 238.145
88.6884 191.846
96.8179 187.772
106.395 187.906
114.963 195.181
105.545 196.664
96.2269 195.951
151.789 193.202
159.812 185.537
169.439 184.297
179.94 188.541
171.397 193.212
161.758 193.864
103.682 249.903
111.979 250.518
121.54 249.982
132.848 249.916
144.902 249.169
155.649 249.152
166.955 247.854
159.451 260.499
149.197 270.585
135.001 274.288
121.354 270.712
112.079 261.323
119.301 254.584
133.551 255.82
149.539 253.88
150.597 258.641
134.437 263.771
119.673 259.501
