70.3416 116.157
78.3478 110.874
88.9552 108.664
99.5953 109.252
109.823 113.226
151.863 113.18
162.811 106.99
175.261 104.112
187.769 104.761
197.364 110.519
130.793 142.654
129.24 156.148
127.582 169.254
125.752 182.242
117.815 202.198
123.231 202.821
129.097 203.697
137.211 202.289
144.598 200.618
79.085 145.063
88.8905 134.742
101.228 134.477
110.76 146.132
100.065 149.617
88.6451 149.993
159.577 143.874
168.104 131.143
181.377 129.722
192.176 138.489
182.861 144.631
170.37 145.69
107.832 237.536
110.997 227.423
119.086 220.452
129.872 220.296
142.893 219.701
154.705 226.248
164.564 235.8
156.418 243.449
145.928 249.04
133.12 251.479
121.856 250.725
112.279 246.215
122.601 231.505
131.011 229.248
143.177 230.288
143.658 235.425
131.403 237.212
122.631 236.506
