71.4752 135.147
81.5923 128.121
94.2343 126.458
107.016 128.898
118.477 134.411
156.577 138.692
168.859 133.981
181.779 132.322
194.303 135.39
203.603 142.883
138.11 160.511
138.01 173.655
137.783 186.477
137.481 199.776
123.065 214.31
129.077 214.73
135.64 215.033
143.256 215.568
149.633 216.007
84.4395 156.867
94.6877 151.184
106.662 152.297
115.521 160.478
104.946 164.223
93.0636 163.175
159.911 165.18
170.491 157.284
182.956 158.21
192.368 164.898
182.493 168.693
170.606 168.47
104.459 242.243
113.327 236.863
123.485 233.335
134.438 235.978
145.966 234.581
156.31 239.358
165.271 246.044
156.085 252.672
145.683 256.108
133.68 257.196
122.094 255.118
112.436 250.081
121.27 241.121
134.343 243.373
147.485 243.085
146.761 244.438
134.122 245.174
121.71 243.144
