74.5294 167.732
83.1851 162.5
94.2262 162.473
104.865 165.325
114.479 171.13
149.093 168.569
160.283 162.274
172.577 158.913
184.456 159.493
193.659 166.223
130.981 189.26
131.139 202.289
131.485 215.167
131.724 228.575
116.314 236.589
123.554 238.347
130.691 239.506
138.445 238.184
145.44 235.925
80.299 189.142
89.5976 183.091
101.442 183.796
111.301 192.013
100.022 195.353
88.5155 194.645
152.383 190.673
161.571 181.829
173.605 181.383
183.353 188.505
175.033 193.904
163.089 194
103.024 253.261
111.819 249.212
121.376 247.33
130.601 248.803
141.411 247.238
151.687 250.009
160.584 255.023
153.93 265.231
143.495 271.027
130.605 273.004
118.91 269.681
110.216 262.711
117.409 253.14
130.424 254.687
145.38 253.741
145.322 261.687
130.629 263.561
117.489 260.915
