65.8641 166.908
72.3063 161.216
80.1782 158.75
88.4624 158.93
96.4317 161.547
135.957 156.666
150.083 152.457
164.947 151.842
179.678 153.566
190.939 161.441
114.869 185.036
112.698 197.582
109.894 209.214
107.283 221.352
101.399 238.161
106.428 239.932
112.515 240.466
119.892 238.988
127.041 236.348
76.9628 190.523
83.0092 183.858
93.3496 183.337
102.808 191.019
93.7001 193.403
84.0336 193.735
143.643 186.993
152.254 178.006
164.758 178.234
175.729 185.476
165.215 187.66
153.999 188.142
91.0626 267.118
96.3855 259.292
105.102 254.716
114.564 254.48
129.262 252.963
143.683 256.447
157.882 262.024
145.285 270.57
131.264 276.158
116.648 278.121
106.103 277.319
98.0894 273.367
105.064 263.895
115.148 262.028
132.462 261.768
133.475 264.707
116.623 267.691
105.605 266.195
