55.7272 104.14
65.5868 97.6917
78.0631 98.7396
90.6405 102.231
103.382 107.426
160.308 103.67
173.77 97.3514
187.414 92.7461
200.679 91.7801
212.025 96.4414
137.129 148.205
136.647 167.579
136.246 185.524
136.362 203.111
119.461 210.239
128.743 213.619
138.444 215.362
148.195 212.851
157.42 209.735
64.2514 139.191
78.6011 126.656
96.9087 130.197
112.077 148.351
94.4826 150.734
76.7355 148.908
160.836 148.533
174.707 128.538
194.101 124.306
211.916 135.96
198.317 146.832
179.063 149.767
108.658 226.834
119.087 226.875
128.948 228.201
138.864 229.865
149.331 228.626
159.703 226.737
172.519 225.031
162.64 236.263
152.208 243.441
138.479 247.165
126.645 244.562
117.858 237.858
125.285 233.155
139.53 236.394
154.956 232.347
154.553 233.207
139.025 237.178
125.367 233.939
