79.7785 161.172
86.6978 157.03
95.3568 157.194
103.641 160.185
111.252 164.847
146.967 169.31
157.868 166.511
169.27 165.987
180.279 169.266
189.339 175.95
125.157 187.431
121.308 200.97
117.348 214.442
113.576 228.018
102.246 234.999
107.82 238.79
114.327 241.075
123.826 241.001
133.213 239.635
84.3699 183.009
93.5777 178.069
104.248 180.035
110.345 190.192
100.691 190.839
91.24 188.697
146.334 196.933
156.336 189.739
167.585 189.973
176.794 197.023
167.36 201.221
156.188 200.772
90.1469 249.782
98.9851 249.419
107.64 250.132
116.74 252.429
129.837 253.97
142.817 256.456
156.143 259.212
145.681 270.479
131.194 277.328
114.981 278.317
102.436 273.443
95.391 263.144
105.558 255.83
117.295 258.766
134.273 260.019
133.96 266.915
115.587 266.896
103.543 261.923
