58.0313 172.406
66.2769 165.798
76.9825 163.425
87.8827 164.047
98.6959 167.469
133.546 159.091
144.393 151.245
156.487 146.186
169.536 144.218
181.55 146.742
123.956 185.424
126.127 197.508
127.836 209.468
129.933 221.11
121.51 234.819
127.503 235.099
134.924 234.798
141.759 232.256
148.289 228.587
74.8116 194.854
81.8731 187.481
92.7872 185.794
103.584 191.255
93.9954 195.324
83.6718 197.199
147.589 181.342
154.058 171.118
165.564 168.367
178.025 171.465
169.259 177.415
158.496 180.758
115.397 257.617
121.795 253.038
129.115 249.781
138.129 249.209
148.912 246.388
160.181 246.066
171.313 247.089
165.427 257.624
156.225 265.092
144.188 269.275
132.071 269.303
122.668 265.08
128.145 256.063
139.802 254.658
155.067 251.119
157.015 256.184
142.291 260.915
129.417 260.703
