72.4605 170.443
80.821 165.209
91.2026 163.731
101.297 164.438
110.997 167.095
145.274 165.816
156.855 162.462
168.42 161.6
180.116 164.054
189.452 170.596
128.915 185.564
129.206 195.801
129.519 205.659
129.503 216.384
116.543 228.603
122.655 229.988
129.355 230.692
135.98 229.593
142.218 228.341
82.1138 188.41
90.839 182.873
100.279 183.185
107.943 188.563
99.3865 191.026
90.2384 191.09
148.69 186.956
156.627 180.396
166.89 180.091
175.722 185.035
167.124 188.067
157.942 188.395
105.91 252.66
111.479 245.69
119.539 240.347
128.781 240.54
138.012 240.1
146.693 244.209
152.948 250.648
147.225 257.142
138.843 261.631
129.602 263.644
120.006 262.15
112.221 258.254
118.592 249.444
129.16 248.443
139.561 248.364
139.702 252.829
129.084 254.462
118.193 253.489
