68.438 137.841
78.3622 129.198
90.0736 122.216
102.815 117.486
116.233 115.697
146.248 107.118
151.661 104.349
158.059 103.333
163.76 104.026
168.145 106.955
140.769 139.021
147.603 151.648
154.34 163.565
160.607 175.456
143.024 191.679
149.766 190.903
156.524 189.449
160.495 186.988
163.321 184.2
84.9986 150.834
93.6749 142.723
105.419 139.77
115.536 146.779
106.487 151.55
95.1254 153.647
148.233 139.44
153.406 129.366
162.628 125.659
169.46 131.145
165.651 136.504
157.044 139.176
121.418 214.101
132.984 210.769
144.507 206.986
156.277 204.276
161.951 201.594
166.167 200.371
166.831 200.815
165.467 207.276
163.628 213.282
158.335 217.353
146.353 219.665
133.432 218.13
143.564 212.733
156.963 210.194
162.011 207.035
161.267 206.508
157.021 209.298
143.743 212.156
