74.4453 173.154
82.313 169.167
92.308 167.321
102.599 167.829
112.987 169.572
153.366 170.446
161.818 168.001
170.181 166.701
178.901 167.437
186.513 170.405
134.65 193.942
135.735 205.068
136.637 215.996
137.472 227.319
125.15 240.511
130.333 241.058
136.716 241.609
142.631 240.522
147.728 239.253
81.9511 195.908
91.2603 189.009
102.912 189.652
110.846 198.224
101.196 200.701
90.3559 199.936
153.076 197.507
160.52 189.226
170.755 188.354
180.676 194.669
172.026 199.234
162.113 199.6
103.194 259.364
113.869 256.257
124.33 253.135
136.409 253.231
146.513 251.99
155.675 254.915
164.119 259.316
157.769 268.503
148.06 275.041
135.006 277.847
121.39 276.218
110.38 269.679
120 259.261
135.728 259.457
149.038 258.459
149.69 268.417
134.773 270.849
118.771 268.431
