71.3787 166.39
80.9884 163.029
91.4562 162.691
101.591 164.336
111.418 168.027
147.185 168.297
156.337 164.465
165.764 161.974
176.011 162.07
184.883 165.646
129.353 186.4
129.846 199.935
130.303 212.881
130.489 225.853
116.797 232.064
122.996 233.532
130.342 234.417
137.604 233.201
143.504 231.115
83.446 187.755
92.0754 182.564
102.294 183.594
110.413 190.985
101.139 193.841
91.5726 192.899
147.953 191.025
155.057 182.586
165.445 181.214
174.843 186.279
167.12 192.051
157.341 192.891
105.113 246.993
113.207 245.792
121.748 244.969
130.588 245.257
138.28 244.38
146.009 244.522
153.956 245.202
147.976 252.736
140.406 258.604
130.513 260.424
120.418 259.159
111.623 253.909
121.059 249.975
130.514 250.632
139.319 249.35
139.194 250.043
130.238 252.264
120.677 251.073
