48.2224 170.941
61.9445 162.529
77.8176 157.581
95.2059 156.739
113.026 159.764
152.622 159.304
162.737 154.428
173.974 152.544
184.689 153.495
191.927 159.23
137.182 172.354
141.532 189.198
145.912 205.537
150.412 222.077
127.186 239.707
135.097 239.21
143.313 238.314
147.811 236.605
151.124 235.523
63.2482 178.338
76.2816 166.949
92.1681 165.54
105.186 178.206
91.5767 183.195
76.4268 183.402
150.277 176.418
158.278 161.202
171.718 158.489
182.246 167.772
174.413 175.819
162.351 177.361
106.301 272.863
120.03 266.303
132.106 259.754
144.802 258.163
151.075 256.28
157.198 258.967
160.74 262.976
158.319 274.036
152.413 280.963
142.425 285.712
128.022 285.797
116.114 281.647
126.852 267.317
142.76 264.387
151.036 263.294
150.289 269.934
141.041 274
125.195 274.18
