69.9881 162.34
78.0538 157.303
87.9767 156.213
97.9075 157.905
107.071 160.99
142.599 159.774
154.14 155.241
166.581 152.804
179.34 153.539
190.628 158.658
125.616 184.746
125.525 195.552
125.255 205.816
124.992 216.146
118.056 228.31
122.553 228.897
127.396 229.137
133.1 229.147
138.319 228.017
82.2736 185.09
89.8785 178.321
99.5565 179.413
106.518 186.98
98.9474 189.937
90.1408 189.653
150.198 185.898
157.472 178.631
167.452 177.46
176.558 183.106
168.762 188.529
159.242 189.363
109.086 255.484
113.457 248.775
119.677 244.574
127.201 245.974
136.43 245.365
144.358 250.059
151.501 256.899
146.562 264.31
137.228 267.694
127.629 268.402
119.191 267.042
111.99 262.641
121.452 252.292
127.574 253.087
134.668 252.935
134.906 257.556
127.371 257.862
120.498 256.873
