77.716 148.207
87.7321 145.389
98.0918 144.725
108.051 147.54
117.481 152.716
169.404 163.351
180.617 161.043
191.444 162.129
201.319 166.187
210.005 172.619
136.769 186.434
134.146 199.548
131.994 212.044
129.908 224.81
112.509 232.444
119.71 236.801
127.967 239.508
137.514 239.74
145.744 238.594
86.4648 172.606
96.1641 167.892
107.171 171.654
112.204 181.928
102.204 182.476
92.8038 179.721
164.338 190.935
172.655 184.493
183.422 186.055
190.873 194.158
181.597 196.521
172.18 195.222
94.6904 249.768
105.013 248.901
116.112 249.143
127.04 251.489
138.04 252.468
148.886 255.66
158.577 260.336
150.815 270.88
138.688 276.204
124.61 276.28
110.878 271.089
100.872 261.794
114.001 255.177
125.672 257.811
139.11 258.518
140.676 267.323
125.398 267.7
112.077 262.449
