73.5878 177.957
81.5941 171.055
92.0784 168.263
102.878 168.532
113.615 171.707
150.414 168.735
162.38 165.204
174.429 163.663
186.407 165.35
196.557 171.208
134.341 192.445
134.829 205.93
134.924 219.606
135.142 233.726
123.189 243.864
129.41 245.08
135.748 245.239
142.819 244.073
149.996 242.534
86.3395 198.358
94.2196 194.462
103.688 194.238
113.636 197.955
104.054 199.517
94.6749 199.904
157.903 194.385
166.113 189.23
175.973 189.415
185.859 192.705
176.689 195.014
166.967 195.387
108.792 266.348
116.701 260.409
126.206 256.286
136.014 257.08
147.598 255.539
159.061 258.236
170.023 262.101
163.26 274.298
152.71 282.778
139.085 285.94
125.865 284.772
115.593 277.291
123.541 263.137
136.737 262.789
152.34 261.714
154.62 271.834
138.34 275.679
123.386 274.247
