53.5009 162.304
59.8664 155.002
68.1256 151.759
77.0603 150.086
86.6354 149.487
137.949 139.472
151.033 135.348
164.773 134.952
178.365 137.585
190.596 143.901
115.678 179.858
114.915 196.725
112.637 212.369
109.701 227.837
105.051 243.969
110.88 245.247
117.503 245.46
125.984 244.027
135.894 242.826
70.7866 189.106
79.834 178.864
92.5739 177.521
102.708 186.752
92.8049 190.98
80.7904 192.395
142.738 176.385
152.219 165.199
165.964 163.55
178.752 169.513
168.418 176.005
155.043 177.549
106.693 271.317
108.8 267.128
115.074 264.899
123.219 264.486
137.496 263.504
151.193 263.266
166.814 264.338
155.764 272.318
142 278.693
127.706 281.392
119.472 280.201
112.762 277.421
115.027 271.298
125.091 270.575
144.876 268.411
145.345 268.531
125.562 270.319
115.75 270.959
