65.5889 84.5885
76.5352 75.9816
89.9252 73.2135
103.374 74.1989
116.881 76.9964
160.155 72.1311
173.166 69.1428
186.338 68.9123
198.252 72.873
207.059 81.772
134.323 103.389
133.742 118.619
133.289 133.337
132.876 148.061
117.041 158.773
123.207 160.925
129.744 162.103
138.252 161.272
146.556 159.722
82.3457 100.617
92.7267 95.1438
102.489 96.114
111.176 104.668
100.936 105.756
91.018 105.108
157.426 104.488
165.411 96.6008
176.128 95.7751
185.683 101.617
177.243 105.711
166.813 106.019
96.7061 177.252
108.607 176.928
118.944 175.908
129.997 177.631
140.99 176.749
151.502 179.051
161.658 181.837
153.746 190.752
142.688 195.591
129.789 196.38
116.626 194.485
105.364 188.943
116.694 183.2
130.256 184.384
143.291 184.454
143.652 185.783
130.772 186.186
116.668 184.093
