63.9654 116.558
75.097 113.099
86.748 112.288
98.7899 113.392
110.658 116.058
157.862 113.651
170.086 108.415
183.226 106.309
197.038 107.248
208.081 114.471
131.917 144.447
130.625 160.282
128.998 175.547
128.117 190.092
112.934 199.66
119.403 203.606
126.977 206.742
137.272 205.333
146.913 202.587
82.2576 139.097
93.2685 132.88
103.657 134.606
112.087 144.494
101.388 146.699
91.2278 145.19
158.299 146.841
168.32 137.379
180.19 135.912
191.161 143.332
181.729 150.405
169.664 150.983
102.253 217.65
111.133 216.914
120.575 216.583
130.083 219.464
141.693 218.571
152.716 222.003
162.706 225.029
153.839 232.114
143.138 237.107
129.967 236.952
118.822 233.605
110.27 226.742
119.085 222.552
130.343 224.653
144.029 225.511
144.488 227.889
131.262 228.308
119.488 224.582
