25.1233 90.9892
38.528 86.4655
53.4398 86.8176
69.3241 87.0828
84.7667 90.6686
143.346 81.2271
158.531 75.2696
174.747 71.8698
190.168 69.6174
205.393 71.5406
116.949 104.899
119.793 123.885
121.991 143.46
123.754 162.253
107.133 176.104
115.936 177.752
126.851 177.406
138.627 173.869
148.519 169.026
45.2709 101.22
60.4083 94.3147
78.4819 92.8345
92.4638 104.875
77.1993 110.375
59.1261 110.551
143.605 98.882
156.655 84.6171
174.675 81.2324
189.094 84.3676
177.949 96.9561
159.85 101.194
97.4688 192.326
108.043 192.605
118.44 192.422
129.817 192.94
142.374 189.597
154.017 186.629
166.48 181.705
157.483 191.594
147.959 200.608
132.402 206.551
117.363 205.461
107.216 200.431
116.765 196.127
130.202 196.423
145.397 191.68
145.44 193.071
130.016 198.349
116.61 197.399
