72.3398 148.53
80.9791 146.471
90.2531 147.164
100.06 148.356
109.732 149.773
177.853 147.915
193.001 145.137
207.931 145.262
222.259 148.527
232.588 157.335
144.521 178.946
143.651 198.602
142.606 217.308
142.109 235.386
124.233 239.934
133.138 245.429
142.675 248.602
153.676 246.853
163.189 243.261
85.2192 174.818
97.5197 167.385
111.936 169.831
122.436 183.106
108.477 184.454
95.213 182.863
171.36 184.301
183.311 171.688
197.987 171.877
211.675 180.237
198.681 187.236
185.072 187.709
111.646 252.253
122.917 255.03
134.268 256.658
146.602 260.047
160.182 258.488
172.014 258.209
185.691 257.879
175.26 271.162
163.171 281.273
146.265 284.481
130.622 279.064
120.863 267.74
129.392 262.763
146.354 266.92
163.499 264.535
163.576 269.429
146.102 273.09
129.985 267.038
