81.1681 122.614
92.5583 118.919
104.955 118.753
116.873 121.705
128.029 127.313
163.066 133.5
171.152 130.192
179.882 129.262
187.97 130.786
194.972 133.909
142.981 152.024
141.602 165.199
140.45 178.123
139.452 191.615
119.408 200.279
127.19 204.211
136.109 206.759
143.511 206.17
150.204 204.329
88.9835 143.122
99.4983 137.803
111.441 139.784
118.275 149.202
107.832 150.413
97.0687 148.408
160.253 156.464
169.699 149.063
180.817 150.176
188.066 157.511
179.684 160.949
169.21 160.036
93.349 216.527
106.294 214.389
119.773 213.954
133.203 216.432
143.244 217.346
152.38 220.275
159.809 225.449
150.521 235.769
138.89 242.925
124.656 244.978
109.653 240.27
98.8357 230.704
111.571 219.367
131.619 222.922
146.057 224.218
144.199 232.751
127.067 233.284
107.56 229.129
