79.9915 166.889
87.3415 163.519
95.0649 161.791
102.936 161.82
111.275 163.19
150.371 160.319
160.067 156.753
169.809 155.361
179.786 156.29
189.389 159.208
131.058 182.903
131.265 198.157
131.597 212.691
131.486 227.027
120.46 235.091
127.029 237.808
134.431 239.134
142.335 237.381
149.644 234.577
91.5308 187.039
97.1916 180.569
105.885 180.232
112.683 186.415
106.113 190.035
98.0127 190.365
154.329 181.832
160.17 173.871
169.355 173.468
175.994 178.907
170.001 183.047
161.525 184.67
111.359 250.402
119.418 247.825
128.281 247.412
137.201 248.202
148.728 247.249
159.656 246.665
170.113 246.721
161.706 254.574
150.626 258.942
138.363 261.164
128.401 260.421
119.392 257.031
130.589 254.154
137.783 254.95
147.568 252.931
147.919 252.849
138.182 254.246
130.298 254.364
