76.773 166.409
87.7625 162.518
99.4841 161.439
111.174 162.811
122.907 165.588
152.297 166.815
161.502 164.771
170.597 163.224
180.179 163.418
188.77 166.717
139.064 189.36
140.425 201.879
141.861 213.811
143.285 225.88
124.196 233.159
131.279 235.871
139.172 237.482
145.445 236.277
150.666 233.974
88.2685 187.544
97.1095 181.609
107.3 182.039
115.015 188.797
105.682 190.877
96.3003 190.167
154.972 189.86
161.978 182.625
171.225 182.211
178.625 187.896
171.544 191.534
162.789 192.086
103.889 250.377
114.678 245.824
126.182 244.24
138.152 245.293
146.031 244.863
152.747 247.631
157.856 252.69
153.894 262.469
147.153 270.516
136.115 273.09
121.77 269.827
111.059 261.538
121.593 250.337
137.432 251.444
147.386 251.456
147.748 260.754
135.874 263.514
119.596 259.966
