66.0723 145.792
80.2861 147.101
92.8276 149.895
104.837 153.027
117.096 156.388
159.292 158.667
174.463 156.501
189.167 155.542
204.285 157.86
217.933 164
132.569 179.508
129.532 195.731
126.416 212.093
123.708 228.157
109.298 238.198
116.056 241.193
123.599 242.903
133.26 242.543
141.131 240.846
75.237 171.155
86.6196 165.863
98.9017 167.146
107.677 178.893
95.9034 179.11
84.168 177.148
159.065 188.471
170.359 179.365
183.611 179.196
195.862 187.158
183.991 191.351
170.689 191.695
91.539 249.202
105.06 252.22
116.355 252.983
127.89 255.6
140.275 256.256
151.353 256.989
163.473 256.11
152.938 264.653
141.369 270.53
125.829 270.8
111.631 266.218
101.085 259.832
110.979 257.931
127.751 261.909
142.985 261.699
142.819 261.412
127.158 261.31
111 257.36
