60.6681 153.133
67.1912 146.212
76.5464 143.482
87.2043 141.803
98.002 143.762
144.915 143.918
159.34 137.36
175.435 134.947
192.075 135.255
206.429 142.453
123.09 173.95
122.634 188.643
121.772 202.93
121.368 216.997
114.741 231.118
120.518 232.024
127.136 232.406
135.694 230.982
143.075 229.238
74.1671 174.736
82.9862 166.295
94.8569 165.945
104.754 173.796
94.3295 178.758
83.0934 179.514
153.72 170.273
163.826 160.502
177.092 159.554
188.385 166.304
178.022 171.792
165.925 172.817
107.128 259.43
109.464 250.074
118.12 245.73
128.381 246.933
141.357 245.813
155.195 249.587
168.42 257.38
159.76 270.503
146.831 279.78
130.916 282.898
118.174 279.25
110.68 270.216
118.153 254.639
128.578 253.967
145.561 253.988
147.874 268.561
130.319 271.949
118.629 267.605
