58.8058 92.1589
69.5038 85.8871
82.0278 84.0646
95.4078 84.9543
107.775 88.5432
143.422 88.1953
157.554 82.9647
173.014 80.9121
188.213 82.9043
199.817 91.2917
127.063 110.746
127.417 123.653
127.521 136.084
127.463 148.317
115.534 164.15
121.555 164.37
128.556 164.583
135.648 164.174
141.922 163.725
72.022 115.374
81.5776 109.903
92.85 109.63
102.827 116.941
92.3435 119.279
81.0241 119.508
150.888 115.653
159.093 107.785
171.475 106.715
182.921 113.408
172.799 117.409
161.394 117.787
102.81 193.892
108.097 182.8
116.55 174.922
127.811 174.418
140.66 174.724
150.534 182.974
156.707 194.028
151.143 201.891
141.977 206.461
130.645 207.21
118.778 206.149
109.099 201.794
117.342 185.702
128.452 183.724
141.323 185.494
141.359 196.31
129.093 197.15
117.979 195.732
