69.207 157.763
79.8661 154.037
91.7313 154.487
102.97 157.614
113.457 161.59
156.752 166.226
166.019 162.698
175.82 161.128
185.959 161.893
193.671 167.82
135.335 186.183
134.06 199.967
132.825 213.716
131.364 227.248
115.197 234.335
121.534 235.993
128.583 237.532
135.664 237.344
141.506 236.323
84.8115 182.287
93.7115 178.309
103.997 179.111
112.412 185.897
103.064 188.126
93.3566 186.678
153.499 190.409
161.499 184.153
171.345 183.568
180.01 189.212
171.694 192.905
162.039 192.882
95.0445 249.774
106.125 247.778
116.836 248.19
127.807 250.39
138.046 250.17
147.239 251.764
154.924 255.331
147.344 265.241
137.568 271.852
123.757 273.71
110.369 270.464
100.752 261.726
111.821 251.527
126.428 253.86
139.791 254.202
139.309 262.421
124.872 264.503
109.89 260.315
