74.249 122.701
83.7778 116.983
95.122 115.781
106.241 117.215
116.327 120.909
163.217 120.005
176.069 116.391
189.878 116.442
202.723 120.133
212.606 128.002
139.886 147.411
138.762 160.677
138.2 174.015
137.107 186.591
121.579 200.696
128.275 201.212
136.04 202.102
143.988 202.09
151.512 202.367
86.7547 147.925
96.4729 141.169
108.87 142.221
117.005 152.077
106.545 154.475
95.6515 153.525
167.275 152.404
176.356 143.821
188.489 143.253
198.64 151.194
189.095 156.235
178.11 155.877
104.19 230.263
112.998 223.92
123.089 218.934
134.395 219.473
146.036 220.38
156.097 226.618
165.824 234.194
157.139 240.544
146.259 243.65
134.293 244.128
122.117 242.808
112.282 238.284
122.957 228.828
134.113 229.972
145.118 230.504
145.645 231.991
134.145 231.158
122.527 230.47
