74.7175 147.181
79.6589 145.747
86.4671 149.078
92.0983 152.381
97.6004 154.512
150.306 158.434
164.728 156.123
179.177 155.072
192.423 157.155
205.09 161.191
122.075 181.475
118.242 196.671
114.121 211.85
110.838 226.303
105.953 238.203
109.447 239.478
114.736 240.633
122.265 241.302
129.752 241.672
79.8488 174.624
87.7287 170.028
99.298 173.78
105.895 185.307
95.217 185.295
84.8861 184.204
151.745 187.611
162.381 177.825
175.919 178.155
188.922 184.388
176.68 191.23
163.668 191.72
99.3214 259.434
101.907 255.7
107.963 253.467
115.585 255.279
126.352 255.87
137.616 261.334
148.316 266.276
139.157 271.53
127.253 274.441
115.467 274.751
107.133 271.422
102.256 266.843
107.921 260.997
116.563 262.353
128.743 263.316
127.848 264.757
115.429 265.068
108.183 261.925
