61.5621 167.607
73.7473 159.663
87.9952 157.739
101.558 160.141
114.274 165.141
149.91 164.621
161.961 158.923
175.109 156.312
187.869 157.977
198.572 163.428
132.714 188.674
133.202 205.09
133.983 222.043
134.972 238.771
116.352 242.879
125.581 247.033
136.403 248.871
145.433 245.949
152.558 241.025
81.4596 187.375
90.9001 180.682
102.081 181.157
111.427 189.707
100.885 191.418
90.367 190.69
156.615 189.135
164.046 180.541
175.038 178.91
185.088 184.117
176.596 189.164
166.158 190.135
97.5438 256.248
110.893 255.971
122.81 256.147
134.859 255.833
146.969 253.587
158.921 252.363
169.681 253.443
161.409 267.417
150.164 277.352
134.305 281.452
118.255 279.99
106.199 270.845
117.098 259.629
134.795 260.71
152.208 257.703
152.072 266.105
133.639 270.414
115.443 268.699
