64.3895 168.741
75.218 163.663
87.0477 163.128
98.8608 163.69
110.658 166.919
155.411 163.939
167.127 159.039
179.266 156.781
191.383 158.013
202.027 162.971
133.763 193.19
133.537 210.361
133.2 226.757
133.005 243.159
119.443 250.604
126.554 253.179
133.986 254.529
142.085 253.071
149.597 250.424
84.1675 191.332
93.1937 186.032
104.093 186.764
112.112 194.775
102.955 197.607
92.8225 196.816
158.213 193.545
165.732 184.772
176.772 183.399
186.605 188.7
178.093 194.745
167.693 195.572
107.052 270.547
116.24 268.794
125.377 267.543
134.955 268.971
145.269 267.502
155.58 268.539
166.15 269.905
158.073 278.615
148.487 284.44
136.968 286.005
125.549 284.674
115.376 279.027
126.496 273.739
135.818 275.289
145.558 273.76
145.707 273.892
135.867 274.78
126.708 273.706
