43.4868 89.0351
55.0406 81.7467
68.8045 79.0675
82.6182 81.3413
96.8053 85.2267
140.313 85.8729
151.716 82.43
162.948 80.2197
174.581 80.3141
185.765 84.1301
120.364 112.655
121.542 128.662
123.275 144.698
125.006 161.031
109.881 178.133
117.694 178.963
126.546 178.795
135.914 177.254
144.041 175.324
60.5773 119.104
70.755 112.449
83.6012 112.47
94.8074 120.333
83.479 123.653
70.9122 122.692
147.943 119.942
155.804 110.24
168.97 109.356
181.269 115.081
170.853 120.304
158.883 121.625
92.7746 201.341
103.814 197.612
115.684 194.92
129.459 194.424
141.659 192.887
152.922 192.477
164.256 193.092
154.143 200.642
144.24 205.081
131.411 207.521
117.074 208.026
104.503 206.066
113.537 201.638
130.227 200.957
146.294 198.019
147.332 198.252
130.69 201.204
113.85 201.992
