87.0448 143.974
97.5969 144.557
107.832 148.665
116.438 155.526
124.081 164.076
160.442 179.25
174.215 179.412
187.534 182.587
199.303 189.199
207.885 198.252
134.289 188.392
128.404 199.951
122.427 211.097
116.462 223.101
101.957 228.442
107.592 232.709
114.531 236.608
122.225 238.515
130.348 239.658
89.463 168.252
100.269 165.85
110.396 170.669
115.819 182.767
105.907 180.123
96.0709 175.253
159.833 201.392
171.571 196.102
182.629 200.752
191.445 211.257
179.797 210.357
168.632 206.592
80.3648 241.716
90.1874 242.566
100.57 245.501
110.865 251.215
123.011 255.4
134.396 262.429
145.317 269.971
131.914 276.246
116.58 278.667
101.284 275.435
88.4333 267.64
81.5482 256.067
94.5456 250.349
108.629 257.269
125.659 263.835
123.289 270.865
104.692 266.212
90.7062 257.269
