66.5431 165.651
76.0671 159.989
87.9355 158.912
99.8129 160.626
110.436 165.499
146.616 161.089
157.028 155.729
168.337 153.43
180.524 153.492
191.754 157.119
129.271 181.474
128.677 195.473
128.304 209.3
127.949 222.802
115.477 235.479
121.246 237.437
128.344 238.532
135.422 237.532
142.872 235.685
85.6911 187.446
92.7834 182.849
100.618 182.944
108.156 187.513
100.775 190.074
92.9442 189.576
153.558 183.516
159.432 177.516
167.39 176.836
174.616 179.507
168.043 183.231
160.783 184.293
104.818 262.511
109.517 255.27
117.904 250.662
127.5 250.792
138.886 248.406
149.674 251.994
159.251 259.416
151.468 264.51
141.463 267.198
131.329 268.413
121.812 269.111
112.081 267.647
119.246 259.395
129.01 258.355
140.923 257.211
141.425 257.994
129.262 258.844
119.126 260.395
