52.6037 155.874
64.6401 151.355
77.3042 148.811
90.0696 150.766
103.038 154.498
161.582 153.939
176.215 151.262
190.061 150.002
203.943 152.279
215.852 157.782
132.362 176.637
133.062 193.246
133.371 208.898
133.711 224.909
113.694 237.053
122.506 240.996
132.627 242.803
143.26 241.103
152.578 236.554
73.7794 172.54
84.8305 166.241
96.5786 167.352
104.779 178.146
94.3271 178.737
84.0327 177.089
162.275 177.931
170.793 166.382
182.096 165.337
193.104 171.206
184.045 176.103
173.745 177.849
98.5298 255.401
110.803 255.428
122.222 254.845
134.387 256.465
145.646 254.754
156.419 254.376
168.254 254.134
159.732 264.307
148.108 270.961
133.185 273.265
118.548 271.667
107.061 266.058
118.846 260.652
134.303 262.922
147.734 260.75
148.14 261.467
133.073 263.476
117.575 261.806
