78.0043 54.9989
87.8124 50.3653
97.9701 48.7943
108.02 48.8175
117.845 50.9461
163.481 47.5512
175.232 43.1201
187.976 42.14
200.584 44.6503
211.674 51.2619
140.2 84.4515
141.276 99.1612
142.476 113.209
143.537 127.4
131.645 142.007
138.521 144.753
145.991 145.669
154.231 143.802
161.654 139.92
91.1488 80.6678
100.263 74.7808
110.74 76.019
118.072 84.0908
109.08 87.8497
98.5248 87.1773
169.517 81.73
176.739 72.8499
187.103 72.3579
195.473 77.8766
188.221 83.3982
178.428 85.0459
121.296 165.905
130.848 163.034
139.75 160.277
149.471 161.135
159.156 158.773
168.1 160.819
177.153 162.348
170.394 168.842
161.733 174.111
151.516 176.651
141.158 175.731
130.978 172.411
139.408 165.803
150.314 166.378
159.604 164.738
159.685 166.194
149.784 168.549
138.14 167.732
