62.6908 156.584
74.0173 150.26
87.9979 147.007
103.276 147.184
117.599 151.485
156.607 154.018
166.491 150.191
177.219 148.531
186.92 148.502
192.423 154.177
135.449 184.131
137 201.027
138.816 217.032
140.915 233.508
116.974 245.256
126.9 247.128
136.695 248.57
145.675 246.338
152.385 242.968
70.8879 181.102
83.4478 175.632
97.2295 176.49
108.521 185.913
96.1606 188.654
82.1887 187.314
150.141 187.802
161.874 178.23
174.581 177.034
184.181 181.568
175.931 188.269
163.647 189.508
85.3867 258.457
102.215 259.183
118.131 260.477
134.428 261.313
144.933 259.148
153.99 255.786
161.752 254.578
153.972 268.36
146.615 279.555
132.575 284.672
114.178 281.188
98.1974 271.725
112.338 264.899
133.208 267.797
146.367 263.965
145.935 268.891
132.725 274.51
111.473 271.228
