62.0885 113.205
73.0655 108.514
84.053 106.69
95.5343 106.618
106.423 109.172
143.45 102.635
153.419 97.75
164.516 94.6584
176.235 93.9907
187.567 97.8031
128.175 127.517
129.897 141.161
131.418 154.485
133.011 167.829
119.651 182.826
127.413 183.63
135.144 183.061
143.835 181.011
152.114 177.973
76.8369 136.384
85.3681 129.667
96.6118 128.777
106.508 135.323
96.934 139.45
85.8661 139.71
152.534 127.686
159.59 119.078
170.064 117.214
180.555 121.149
173.55 128.195
162.514 129.749
109.878 208.698
118.256 203.462
126.862 199.113
136.847 198.122
147.242 196.478
158.201 197.51
169.337 198.593
162.104 208.745
152.812 217.047
140.792 221.325
129.018 220.851
118.833 215.812
125.46 207.169
138.466 206.763
152.717 203.05
152.984 204.451
138.636 208.6
125.365 208.467
