72.6356 142.012
81.4406 136.386
92.4604 137.657
103.082 140.987
112.13 147.046
156.595 146.976
166.761 142.474
178.396 140.595
189.913 141.073
199.189 146.544
133.881 167.613
132.818 180.107
131.815 192.485
130.645 205.671
113.664 212.254
121.936 215.321
131.14 217.18
141.635 216.693
151.944 215.554
84.7128 159.998
94.8477 155.75
106.065 157.761
114.022 167.204
103.41 167.732
92.2915 166.116
158.573 170.656
166.666 161.214
177.674 160.637
187.688 166.781
179.344 171.616
168.32 172.23
101.392 226.607
111.203 225.453
121.523 225.459
132.425 227.702
144.86 227.407
156.097 228.951
167.409 230.752
158.014 241.559
146.948 249.998
131.359 252.399
117.452 247.767
108.943 237.797
117.896 230.547
131.751 232.803
147.986 232.826
148.697 240.383
131.488 242.469
116.96 237.52
