75.7868 133.738
84.8252 131.187
95.1709 132.496
104.329 135.335
113.871 138.508
162.233 142.609
172.244 140.123
182.348 139.518
192.026 141.28
199.781 147.174
134.765 164.798
133.367 176.589
131.881 187.685
130.487 199.427
117.583 206.872
123.933 208.992
131.257 211.152
138.269 210.8
144.477 210.225
85.0893 154.069
95.1146 150.052
105.877 152.311
113.816 162.631
103.072 162.937
92.7778 160.064
155.446 168.183
165.583 158.943
177.821 159.412
187.315 166.779
177.633 170.283
166.528 170.39
92.1125 225.519
104.56 222.18
116.699 220.774
129.411 222.571
141.841 223.137
153.355 227.124
162.593 233.008
155.578 245.279
143.11 252.574
125.94 254.18
110.429 248.959
99.1367 239.414
111.038 225.258
128.271 229.058
145.087 229.157
146.373 242.812
127.505 244.866
108.683 240.332
