69.0905 182.536
77.5711 174.724
87.8215 170.61
98.5547 169.141
109.665 170.58
148.364 161.231
159.072 155.572
170.612 153.102
182.595 152.59
194.196 155.873
134.83 188.743
137.58 202.024
140.263 215.356
143.252 228.496
130.669 239.78
137.834 239.895
144.97 239.226
152.252 236.638
158.667 233.191
86.683 200.198
94.2118 192.317
105.219 190.907
113.738 197.08
105.796 200.958
95.8078 202.368
157.145 186.064
163.734 176.897
174.098 173.837
183.224 177.346
176.741 182.789
167.12 185.765
119.846 266.168
127.229 258.29
136.873 253.566
147.591 251.496
159.253 247.792
170.723 248.459
181.286 251.511
177.128 265.777
168.618 277.214
155.013 284.077
140.957 283.804
128.863 277.017
135.283 260.51
149.157 257.809
164.201 252.945
168.567 265.671
152.539 273.567
135.869 272.982
