75.363 81.2605
86.5923 78.5784
98.0148 77.9242
109.216 79.6418
119.9 82.0623
165.804 83.4363
178.102 80.9114
190.289 79.2977
202.499 79.7039
213.91 84.2054
139.712 111.771
139.045 125.635
138.221 139.4
137.758 153.207
118.156 167.534
127.07 169.663
136.942 170.864
146.311 170.586
155.077 169.716
90.0688 110.308
98.3208 107.041
108.279 108.184
116.227 113.61
106.709 115.104
97.2345 114.135
163.818 115.978
172.882 112.09
182.557 111.511
191.09 113.727
183.022 117.615
173.366 118.623
100.525 185.846
113.115 183.015
125.05 181.837
136.77 183.554
147.389 182.617
157.634 185.539
168.297 189.879
157.433 194.29
145.552 197.599
132.749 197.745
120.964 195.806
110.796 191.366
119.535 187.813
135.983 191.072
151.567 189.499
150.971 189.47
134.738 190.437
118.7 187.951
