80.0895 147.697
88.3159 142.493
98.5121 140.794
108.749 141.65
119.434 144.323
162.465 143.37
174.023 140.552
186.372 139.533
198.628 141.223
208.631 146.459
144.201 171.394
143.386 189.34
142.718 206.893
142.032 224.339
129.632 232.898
136.434 234.402
144.025 235.466
152.293 233.888
159.877 231.828
93.7128 169.938
102.65 164.265
114.957 165.442
124.518 173.056
113.639 175.332
102.52 174.533
163.282 174.634
172.552 164.505
186.074 163.716
197.948 169.98
187.344 174.833
175.52 175.594
116.441 246.93
125.324 246.246
133.486 246.856
144.129 247.34
156.783 246.108
168.745 245.627
180.097 247.061
172.684 259.705
161.437 268.956
145.455 272.792
131.361 269.265
123.098 259.606
131.155 251.252
145.274 253.102
161.62 250.84
162.985 257.169
145.202 260.817
130.143 256.881
