70.1691 124.563
79.3399 118.899
90.5289 118.996
101.873 122.117
112.358 128.589
155.636 130.658
169.061 128.485
182.176 128.285
194.609 130.327
205.012 137.181
135.131 158.946
133.948 177.146
133.424 195.594
132.674 213.757
116.561 221.544
123.646 224.352
132.124 226.343
140.115 225.542
146.489 222.853
82.1198 149.577
92.8186 144.26
105.133 147.056
113.443 159.488
101.061 161.017
88.7358 158.594
157.56 164.677
167.44 153.403
180.348 153.12
192.305 160.881
181.981 166.85
169.365 166.906
105.884 243.854
114.509 242.535
121.629 240.514
129.632 242.234
139.231 241.444
148.072 244.374
157.016 246.412
147.686 253.627
139.158 256.955
128.488 258.38
119.039 255.696
113.009 251.087
121.871 246.953
129.445 247.694
138.832 247.011
137.478 248.385
128.776 249.201
122.101 247.548
