101.864 46.7955
106.449 42.5836
112.291 40.9121
118.788 42.0542
123.974 45.6053
166.522 54.3593
179.861 53.9549
193.298 56.004
205.822 61.9508
215.302 71.5273
136.29 74.8641
130.511 85.2186
124.045 95.7747
118.136 106.492
113.276 133.47
116.767 133.337
121.505 133.961
128.696 134.67
135.891 135.534
98.3099 76.7515
105.789 71.3529
115.714 73.7148
122.562 83.5851
112.769 85.7085
103.678 83.1363
165.028 89.9082
175.018 83.4677
186.905 85.9224
196.739 94.9827
185.402 98.0977
174.279 95.8854
96.9238 157.895
103.262 152.186
110.964 149.043
118.9 150.059
131.387 153.223
141.992 161.084
152.708 169.161
141.233 173.455
128.569 176.383
116.547 175.285
107.619 171.654
100.622 165.383
108.64 158.9
117.638 160.715
132.783 164.175
132.525 163.858
117.573 160.893
107.985 158.014
