71.9927 165.35
80.0795 160.556
89.5696 159.2
99.3158 159.366
108.845 161.933
152.709 162.771
160.99 159.245
169.782 157.795
178.695 156.91
186.759 160.242
131.531 188.101
132.232 201.809
133.041 215.404
133.558 228.962
119.509 238.511
126.601 239.673
134.041 240.611
141.672 239.463
148.335 237.722
83.3151 186.878
92.4845 181.121
103.502 181.396
112.095 190.639
102.551 193.539
92.0961 192.596
151.557 189.462
159.058 180.585
170.566 179.26
179.212 185.001
171.667 190.868
160.865 192.408
103.413 258.268
112.664 254.901
123.122 253.07
134.151 253.231
144.51 252.905
153.187 254.596
161.694 258.165
155.117 267.849
145.815 274.826
133.405 277.365
120.834 274.877
111.038 268.186
120.126 258.593
133.777 259.693
145.9 258.189
146.502 264.127
133.569 266.401
119.836 264.15
