69.8467 149.35
78.6294 144.954
88.9848 145.108
99.4748 147.088
108.638 151.269
148.07 151.064
157.628 145.808
167.888 142.575
179.213 141.116
189.827 143.21
127.307 172.303
126.878 187.503
126.402 202.505
125.781 217.701
111.526 222.396
117.657 225.572
125.732 227.061
135.108 225.671
143.882 222.972
78.4625 170.088
88.1591 163.923
100.144 165.212
108.189 174.191
97.7254 176.018
86.9619 175.546
150.772 174.745
159.471 165.143
171.368 164.044
182.06 169.869
173.28 174.767
161.769 175.697
96.6519 239.491
106.272 238.175
117.006 238.821
128.137 239.153
141.025 237.302
153.717 236.322
166.632 237.226
156.979 247.704
145.25 255.103
130.639 259.37
116.202 257.056
106.022 249.639
114.427 243.516
128.871 245.508
146.16 242.174
146.926 246.038
130.403 249.832
114.898 247.546
