73.201 167.238
79.5498 162.417
87.9029 160.645
96.3936 161.453
104.806 163.987
154.874 161.835
165.627 158.703
175.854 156.998
185.544 158.129
193 164.432
131.285 185.548
130.651 197.314
129.397 208.725
128.313 220.204
116.902 233.592
122.922 235.069
129.538 236.202
137.135 235.159
144.212 233.944
82.1315 182.614
90.8183 176.044
101.451 176.123
110.381 185.262
100.455 188.491
90.1414 187.587
154.104 186.583
162.428 177.382
172.77 177.903
182.636 185.155
173.522 188.811
163.398 189.398
104.949 259.487
111.021 250.635
120.656 245.242
131.459 246.539
143.394 246.079
152.877 251.036
160.279 257.95
154.906 269.526
145.546 276.363
132.149 278.43
119.796 276.284
110.485 270.149
119.458 253.71
131.658 253.606
144.851 254.068
145.161 266.522
131.657 268.021
119.071 266.769
