65.0991 141.898
70.5887 133.828
79.648 127.813
90.0085 125.035
100.697 125.26
136.684 109.552
145.242 102.262
154.888 97.341
166.019 95.6241
176.272 96.8504
126.733 136.311
131.784 149.669
136.907 163.005
142.35 176.269
133.468 191.173
141.206 190.786
149.377 188.843
156.229 184.725
161.696 179.811
81.8756 153.993
88.6032 145.923
98.4728 143.917
109.137 147.764
100.531 152.536
90.7515 155.012
148.359 131.186
153.199 121.91
162.552 117.322
173.725 118.09
166.242 124.552
157.377 128.956
122.494 207.918
134.123 205.431
143.729 202.842
154.092 200.104
162.871 195.154
171.759 190.834
180.598 184.883
176.735 197.882
171.33 209.83
160.299 217.663
146.952 220.734
134.381 216.459
143.358 207.891
156.143 204.495
167.067 198.361
167.44 200.155
156.555 207.785
143.227 209.979
