78.2367 155.603
90.1635 152.914
102.629 155.759
114.042 161.083
124.29 168.639
158.724 177.34
170.839 176.665
182.836 178.707
193.673 183.17
201.391 190.993
135.689 190.145
132.076 203.999
128.942 217.57
125.875 231.412
106.727 236.216
113.748 239.946
121.648 243.005
129.496 244.102
137.064 245.069
83.3614 176.677
95.2584 173.909
106.771 177.654
114.353 188.397
102.965 187.11
91.8303 183.56
153.928 200.067
165.963 195.516
177.566 198.597
185.174 207.184
175.002 208.179
163.831 205.31
84.7145 247.297
95.7873 248.039
107.467 250.848
118.018 255.81
128.814 257.059
139.341 260.79
148.635 266.212
137.531 277.93
124.106 284.99
108.894 283.889
95.1468 276.169
87.5577 263.035
102.565 254.746
116.227 260.864
129.579 262.663
127.818 274.895
111.982 275.176
97.798 265.622
