64.6537 117.499
78.2824 112.271
92.7795 112.302
107.565 114.461
122.459 118.114
162.549 122.009
172.416 119.055
182.722 117.149
192.453 115.722
200.592 118.741
140.492 143.127
140.319 161.01
140.84 177.886
141.577 195.342
120.825 203.507
128.98 205.741
137.083 207.241
145.413 205.931
152.23 203.4
77.9724 139.028
91.5186 132.944
105.499 134.125
116.117 147.021
102.213 149.238
87.9199 146.98
156.839 149.091
167.986 137.713
181.178 136.582
190.892 142.319
183.136 150.134
169.859 151.227
96.9038 217.256
110.886 220.346
122.865 221.447
135.634 222.73
144.952 220.86
152.497 219.57
158.51 218.109
150.211 229.718
144.49 239.126
132.328 243.023
117.306 240.415
105.946 231.481
118.51 225.543
134.225 228.456
146.401 224.943
144.477 230.722
132.596 235.741
116.829 231.801
