72.3978 160.765
83.7051 153.015
97.7668 151.261
112.317 153.979
125.785 158.713
160.064 160.549
169.35 156.345
178.711 153.399
187.398 153.275
194.315 158.67
143.303 181.937
144.639 199.95
146.454 217.679
147.955 235.923
127.553 244.453
136.152 247.108
145.103 249.422
152.994 247.676
159.12 245.018
84.3762 184.989
96.6644 178.282
109.642 178.461
119.749 189.998
107.764 191.531
95.1288 190.544
157.801 189.881
166.751 178.461
178.371 176.962
187.979 184.135
180.077 190.1
168.591 191.606
99.7263 263.547
114.495 258.405
128.569 256.629
143.607 256.582
153.015 255.734
160.612 255.825
165.057 258.874
160.145 272.41
153.516 283.469
138.749 289.156
121.761 286.912
108.238 278.002
123.534 262.794
141.587 264.168
154.324 262.106
153.661 273.141
139.113 278.585
120.281 276.215
