43.6306 163.834
58.8186 156.431
76.4571 152.662
95.045 154.167
113.157 156.708
155.127 151.153
166.318 146.103
178.777 142.163
190.902 139.211
201.706 143.305
135.595 179.439
137.65 198.984
140.65 217.596
143 235.49
115.302 250.708
126.056 252.326
136.608 253.574
145.453 251.015
153.133 246.07
58.771 181.591
74.2878 184.217
87.5391 183.104
101.284 182.463
88.0877 185.093
73.5395 185.168
155.856 178.208
167.355 176.163
178.045 175.21
188.003 171.517
179.178 176.718
167.743 178.619
92.3399 277.713
107.852 273.596
122.312 267.91
137.371 268.652
146.012 264.314
153.128 267.013
158.692 269.275
152.433 281.447
146.397 292.85
133.859 299.014
117.598 297.687
103.695 290.401
118.17 277.844
136.217 276.911
144.732 274.6
142.537 279.507
133.267 284.459
116.153 282.878
