62.3349 163.323
70.9963 158.304
82.7392 159.54
94.9046 162.524
106.339 167.587
157.66 165.582
169.303 160.275
181.291 157.787
194.143 158.44
205.443 161.777
132.851 188.874
131.593 205.35
130.105 222.188
128.962 238.512
115.654 247.342
122.776 248.796
131.176 249.517
140.705 249.327
149.491 248.9
78.1947 184.668
87.5613 176.528
102.032 178.387
113.96 190.616
100.746 192.966
86.98 192.029
161.733 190.618
171.327 179.469
185.347 178.572
197.971 186.296
187.227 193.462
173.469 194.109
105.222 271.133
113.887 266.21
123.463 264.828
133.533 267.126
144.886 266.075
157.944 268.611
171.965 273.461
159.423 279.717
146.794 283.311
134.17 284.401
122.794 282.602
113.567 278.028
121.61 272.522
133.847 273.715
148.854 273.139
148.118 273.779
133.168 274.443
121.101 272.555
