61.8478 161.638
68.5185 156.499
77.7371 154.729
88.5798 154.588
100.665 157.012
149.451 155.414
162.872 153.275
176.782 153.334
190.755 155.481
203.662 160.175
122.179 181.305
120.027 195.763
117.755 210.29
115.759 224.072
106.687 233.691
112.599 235.551
119.394 237.642
128.38 235.815
136.804 233.987
76.7882 181.713
83.2204 174.096
94.0437 174.349
102.146 182.861
93.553 185.92
84.4036 185.541
153.736 182.858
162.12 172.837
173.603 172.434
183.061 179.781
174.101 184.824
163.873 185.594
97.8417 257.449
104.022 255.339
113.855 253.752
123.335 256.145
136.548 254.039
150.193 256.27
164.898 257.977
154.379 266.732
140.3 271.135
125.952 273.221
114.276 270.952
104.038 266.403
111.551 260.164
124.544 262.303
141.488 260.494
141.687 261.895
124.848 263.97
111.146 261.759
