26.5414 106.997
44.0725 99.771
62.3007 98.946
80.4778 101.605
96.7177 109.777
146.633 96.6539
164.979 85.9863
184.495 78.8617
204.953 76.5253
225.209 79.0518
123.458 131.658
126.257 150.346
128.817 168.271
131.421 186.871
110.37 205.789
121.459 209.052
133.507 208.487
149.06 202.877
161.303 194.21
46.3985 140.347
59.3911 129.337
76.4887 128.876
90.5013 139.307
75.7525 145.262
59.9988 146.538
164.875 126.777
174.889 111.802
191.362 108.126
207.805 114.593
196.288 124.131
180.587 127.542
99.9426 240.079
110.825 232.908
122.394 226.024
136.563 225.464
152.862 220.562
169.534 223.058
186.52 224.297
174.934 237.917
159.721 247.227
142.955 252.412
126.534 254.327
111.548 250.211
122.773 238.446
138.614 236.976
158.063 231.713
158.177 230.691
139.283 235.269
122.679 236.922
