76.0113 165.203
83.3788 160.447
92.819 159.597
102.044 161.773
110.928 165.371
154.571 164.801
164.297 160.088
174.44 156.569
185.151 157.564
193.65 163.19
133.793 190.888
133.918 204.165
133.992 217.369
133.7 230.337
119.905 235.026
126.898 238.799
134.368 240.866
142.434 238.606
149.64 234.513
90.1181 186.335
96.9082 180.396
106.102 181.321
112.855 188.986
104.825 191.149
96.915 190.625
156.448 187.468
162.87 179.431
171.609 178.177
179.463 183.304
172.557 187.92
164.835 188.85
110.933 254.35
118.55 250.65
126.661 248.329
135.163 248.98
144.749 247.887
154.127 248.915
163.984 251.166
158.519 261.686
148.778 268.3
137.171 270.51
126.079 269.332
116.976 263.41
124.363 255.196
135.348 256.217
148.094 254.279
149.582 256.747
136.146 259.891
124.234 257.759
