71.5006 185.912
78.5265 178.274
88.4727 175.095
99.1649 174.594
109.968 176.594
136.441 167.69
145.368 159.614
155.974 153.758
167.805 152.252
179.12 154.558
129.522 190.827
133.907 203.169
138.14 215.521
142.566 228.288
133.021 241.213
139.397 241.051
146.451 239.459
152.607 236.231
158.299 232.018
85.9195 201.665
92.6228 193.737
103.05 191.692
112.585 199.139
104.164 203.033
94.2122 204.595
149.563 186.678
153.781 175.907
163.812 172.038
174.293 174.475
168.39 181.92
158.867 185.898
123.109 262.208
132.334 258.603
141.336 254.669
151.145 251.679
161.285 247.531
171.819 244.666
182.283 240.787
178.607 254.069
171.155 266.088
158.796 273.786
145.143 274.932
133.024 270.173
139.494 260.19
153.213 257.083
166.747 250.539
170.275 256.672
156.756 266.535
140.552 267.367
