68.1886 86.6185
80.0513 81.2627
93.4447 82.5481
105.934 87.1507
118.96 92.1513
178.903 95.3035
186.364 91.9393
194.734 88.9018
204.74 85.7135
213.168 87.9262
147.28 124.518
146.787 143.74
146.306 163.275
145.687 181.719
123.281 188.905
132.943 191.232
142.591 192.858
153.051 192.789
162.66 191.718
82.0855 116.501
96.803 110.408
112.61 113.342
123.277 127.539
108.805 131.431
92.6156 128.848
171.547 129.099
182.304 116.278
196.238 114.895
207.269 122.666
198.632 132.927
184.395 134.024
107.274 204.398
119.338 208.333
131.367 209.048
143.274 211.26
155.446 210.721
166.268 211.097
178.306 208.825
168.012 217.56
157.958 224.34
143.663 226.986
128.668 223.308
117.742 214.919
125.23 213.009
143.327 218.064
163.414 213.906
162.424 214.498
143.035 218.2
124.944 213.332
