56.7442 114.563
66.5801 108.168
78.2645 106.916
90.0232 107.578
101.76 109.195
154.155 103.323
168.297 100.57
182.069 99.3911
195.471 100.766
206.962 106.531
131.423 138.594
132.681 154.954
134.061 170.941
135.166 186.415
116.985 196.875
126.438 198.941
137.383 199.192
148.397 196.76
158.142 192.716
77.6801 141.324
87.4133 135.806
98.6548 135.214
108.195 142.422
97.8496 146.265
87.1913 146.715
155.484 138.379
164.337 128.649
176.108 126.831
187.157 131.206
178.501 138.072
167.222 140.057
103.843 215.07
115.861 213.779
127.618 210.775
140.522 210.813
155.045 208.664
167.93 209.434
179.762 208.847
171.606 223.555
159.176 233.476
142.457 238.051
125.727 236.623
113.551 227.778
123.681 219.382
141.184 219.621
160.276 215.771
161.277 222.094
141.547 226.593
122.819 224.967
