82.6796 112.352
93.8281 111.579
105.549 115.599
116.281 121.481
126.48 128.348
170.971 139.609
181.776 138.914
193.427 139.569
204.661 140.575
215.074 146.52
140.394 164.704
138.195 179.837
136.088 194.9
134.186 209.664
113.677 218.116
122.243 221.586
130.965 223.599
138.028 224.369
144.35 223.656
89.8081 142.651
102.013 138.802
114.032 144.286
119.23 156.19
107.579 158.397
96.0988 153.517
165.669 167.814
176.491 158.997
188.884 159.983
198.167 167.006
187.655 174.361
175.649 173.417
95.9438 236.41
106.711 237.675
116.698 237.637
126.554 241.44
135.894 241.44
143.418 244.084
151.201 245.433
141.861 252.493
133.173 257.435
122.399 257.647
110.714 253.893
103.114 246.249
113.725 243.276
124.931 246.851
135.532 247.362
135.294 248.626
124.699 248.124
113.6 244.998
