69.5991 166.757
78.2773 157.565
90.5903 154.13
102.796 155.211
114.521 157.977
154.455 152.995
165.139 150.46
175.526 149.494
185.711 151.594
192.88 157.953
136.304 184.738
137.201 197.694
138.155 210.144
138.779 222.057
125.725 239.024
131.498 238.73
138.35 238.625
144.251 238.532
149.566 238.394
80.6461 184.302
91.3493 176.877
103.531 176.874
111.663 187.894
101.308 189.11
89.8432 189.297
156.635 185.579
163.994 174.621
174.936 174.144
184.741 180.298
176.989 185.195
167 186.421
109.752 263.776
118.583 259.118
127.469 254.836
137.416 255.035
144.999 253.678
152.172 257.828
158.977 263.227
153.241 269.778
146.119 275.405
136.718 277.074
126.296 275.804
117.041 271.131
127.758 263.332
137.399 263.664
144.603 263.207
145.125 265.037
137.09 265.854
126.825 264.594
