76.4407 128.229
88.4313 121.414
102.778 119.206
117.33 121.38
131.454 126.016
173.276 121.041
186.229 114.515
199.516 110.611
213.889 109.275
227.514 113.543
153.058 147.308
154.558 163.968
156.36 180.799
158.139 197.873
141.528 217.147
151.233 218.401
161.321 218.583
169.686 216.247
176.885 212.915
86.5619 153.456
97.5405 145.062
112.326 144.674
123.111 155.622
111.295 158.672
97.6677 158.757
182.417 149.276
189.999 137.705
203.784 135.379
216.172 142.222
206.969 149.132
194.271 150.992
123.269 244.603
135.298 241.811
147.426 239.147
160.284 240.418
170.668 237.217
181.833 237.784
192.703 238.091
184.548 249.587
174.155 257.496
160.383 260.84
146.03 259.867
133.39 254.29
143.517 247.222
159.757 247.784
174.016 244.104
174.87 245.806
160.28 249.429
143.676 248.365
