69.4036 147.413
80.4773 147.005
90.7445 149.627
100.292 154.404
109.856 160.033
149.611 163.52
164.294 160.249
179.436 158.241
194.257 160.192
206.935 166.314
128.024 184.187
125.301 201.406
122.498 218.311
119.741 234.966
107.194 240.332
113.571 245.115
121.423 248.409
132.172 247.986
142.765 245.96
77.7106 178.681
87.3658 181.223
96.482 182.255
105.559 184.437
95.994 184.306
86.6648 182.715
158.618 190.618
169.168 190.905
179.885 191.764
190.904 191.193
179.754 194.148
168.815 193.633
93.9353 256.454
103.206 258.033
112.745 258.612
122.459 261.316
137.338 261.405
151.436 264.575
166.864 265.668
152.909 274.691
137.638 280.495
120.759 280.303
109.037 276.237
100.517 267.68
108.921 264.68
122.345 269.326
141.612 269.15
141.411 270.985
121.502 271.251
108.248 266.323
