65.0975 116.441
76.0553 110.469
89.9614 110.068
103.61 114.846
115.556 122.879
152.029 126.734
164.522 122.213
177.548 120.868
189.563 124.838
197.788 133.241
131.577 148.68
130.451 164.111
129.651 179.239
128.227 193.787
112.086 201.884
118.544 203.903
125.652 205.42
132.978 205.645
139.014 205.011
78.2246 139.999
88.7027 134.345
100.548 137.498
107.335 149.389
96.3293 149.819
85.7774 147.277
153.653 155.003
161.866 144.962
173.095 144.798
182.117 151.848
173.733 157.713
163.043 157.79
90.6865 212.535
102.372 215.944
112.71 217.854
123.664 219.85
133.233 219.392
142.465 219.642
152.149 218.987
142.364 227.473
132.243 233.423
119.531 234.828
106.92 231.65
98.2971 223.505
109.48 221.293
122.568 223.999
132.851 223.01
132.47 224.63
121.475 225.46
108.514 222.602
