65.8074 165.026
75.0368 157.466
87.2373 155.523
99.6149 156.206
113.248 158.444
147.762 157.374
160.738 152.994
174.269 149.199
187.879 149.282
201.358 153.674
129.123 177.561
129.047 195.328
128.969 213.041
129.241 231.941
114.485 243.797
122.753 245.985
131.821 246.446
142.243 245.296
152.17 242.923
80.7552 184.448
90.7766 177.353
102.786 177.859
111.793 188.669
101.161 190.636
89.7083 189.594
155.004 183.308
165.048 171.935
178.278 170.391
190.725 177.974
180.492 183.596
167.553 184.685
102.954 264.413
112.708 263.08
122.564 262
132.667 263.306
147.404 261.114
161.552 262.815
176.422 263.271
165.019 278.342
151.616 288.448
134.118 293.083
119.285 288.89
109.76 278.802
118.656 268.303
133.637 269.566
155.63 267.071
155.43 275.656
133.71 279.731
118.586 276.88
