62.0323 170.26
71.9576 162.363
84.7484 160.432
98.0814 161.514
111.005 165.416
146.754 162.892
160.174 157.713
174.64 155.157
188.688 156.697
200.814 163.344
131.027 187.922
131.064 203.57
130.888 219.558
130.743 236.083
119.556 247.205
124.82 248.628
131.798 248.6
139.359 247.758
146.178 245.662
79.7557 189.53
89.6208 181.356
102.026 182.173
111.782 193.131
100.888 195.97
88.6193 195.341
153.094 191.781
161.046 179.89
173.576 178.078
184.842 184.896
176.645 191.941
164.242 193.497
108.044 270.43
115.163 266.359
123.286 263.079
132.398 264.116
142.838 262.346
152.963 265.112
164.104 268.293
155.484 276.727
145.936 283.477
134.133 286.437
123.587 284.249
115.587 278.456
122.959 270.776
133.573 271.764
145.266 270.071
144.996 272.437
133.436 274.203
123.485 273.041
