66.3417 158.683
73.9482 151.29
84.3268 150.478
95.8002 153.153
106.893 156.562
142.796 161.693
158.194 158.968
173.612 159.319
188.828 162.445
200.942 170.644
126.548 182.378
124.443 195.765
122.315 209.385
120.65 223.225
107.649 232.476
113.708 233.638
120.971 234.965
129.137 235.177
138.078 234.739
80.839 179.93
89.3791 173.72
100.689 175.162
109.587 184.618
98.9313 186.051
88.1732 185.197
151.442 188.037
160.396 179.782
172.237 180.493
182.784 187.238
172.25 190.618
161.755 190.702
98.6134 256.688
103.96 251.506
112.548 249.81
121.745 251.314
134.393 252.599
146.197 256.345
157.706 262.437
148.312 272.789
135.851 278.17
121.23 279.603
108.592 275.339
101.393 266.93
111.301 255.854
122.052 256.895
137.406 257.547
138.314 271.527
122.596 272.829
109.537 268.372
