83.73 78.1698
94.9098 76.2704
106.358 76.858
117.424 80.8985
128.048 85.7223
168.053 83.398
181.964 78.6584
196.238 77.0516
209.636 80.5563
218.964 90.4971
149.491 108.297
147.288 125.377
145.462 141.65
143.614 157.646
126.572 166.971
134.168 169.588
142.97 171.129
151.628 169.798
159.154 167.268
92.3408 103.719
103.434 98.7753
115.126 100.595
124.623 110.732
112.768 113.248
101.176 111.406
172.074 112.725
182.075 104.406
194.103 103.615
203.522 110.257
194.739 115.854
183.187 116.607
110.219 189.148
122.756 190.711
133.634 190.074
144.34 191.632
152.281 190.036
159.726 190.858
167.581 190.517
160.91 197.62
154.116 202.764
143.567 205.421
131.132 203.281
120.333 198.14
127.288 195.063
143.525 196.706
153.547 195.212
153.652 195.487
143.591 197.713
127.4 195.194
