61.6978 168.177
70.4384 161.385
82.5274 159.123
94.5122 160.452
107.19 164.42
148.113 161.055
160.283 155.598
172.963 152.455
185.991 152.382
198.601 157.132
128.546 182.082
128.048 197.875
127.955 213.321
128.252 229.06
114.135 241.008
122.762 241.548
131.146 241.102
140.695 240.32
150.75 238.171
76.3487 192.014
85.5272 184.578
96.4609 183.611
106.152 189.223
96.8136 193.447
86.1002 193.956
154.813 183.416
164.005 175.288
176.051 174.618
187.055 179.382
177.292 184.164
165.748 185.391
103.48 260.816
112.916 258.294
122.534 256.634
132.321 256.714
143.78 254.35
155.45 255.418
167.227 255.405
158.737 265.239
148.269 273.329
134.799 276.164
122.318 275.521
112.01 269.553
121.15 262.634
133.521 262.623
148.316 259.918
149.518 261.892
133.843 264.75
120.876 264.661
