58.9095 141.424
70.6069 138.209
84.3677 139.63
96.9863 144.715
107.692 151.963
151.208 156.451
165.465 154.664
178.914 154.909
192.207 157.864
203.705 164.889
128.022 180.972
125.071 195.947
121.642 210.988
118.322 225.211
103.389 228.28
110.47 233.706
119.085 237.147
129.291 236.577
137.484 233.408
73.0857 161.656
83.8672 159.302
95.5015 161.36
103.505 171.29
92.2737 172.525
80.0393 169.584
153.678 181.5
164.433 174.668
177.463 174.944
188.542 181.01
177.794 186.175
165.557 185.699
89.3137 244.042
98.7404 246.131
108.863 248.006
119.401 251.666
129.69 250.253
139.602 251.512
148.908 252.375
139.886 261.22
129.405 267.396
116.398 268.08
104 263.124
95.328 255.378
105.726 252.73
119.026 255.368
129.576 255.285
130.481 258.93
118.763 259.244
105.307 255.598
