67.2244 177.932
75.3376 171.229
85.6859 168.465
96.0726 168.221
106.516 169.919
144.234 163.28
155.069 159.407
166.873 157.363
179.013 158.499
189.284 164.77
127.349 188.72
128.074 200.763
129.072 212.391
129.967 224.031
119.005 234.775
125.228 235.595
132.67 235.105
141.192 233.552
148.602 230.486
84.1098 197.645
91.4406 190.747
101.758 189.484
111.164 195.039
102.633 198.689
92.6976 199.563
148.077 189.446
155.01 182.085
165.768 180.906
175.389 185.631
166.927 189.324
157.158 190.566
112.406 255.424
117.569 249.234
125.459 245.516
134.84 244.186
146.28 241.904
157.804 242.646
169.028 246.246
162.929 257.014
153.284 265.094
139.98 268.706
128.353 268.283
118.837 263.388
124.706 250.748
136.236 247.484
151.686 246.389
153.877 256.728
138.87 262.216
125.819 261.544
