69.4811 162.728
77.8354 158.96
87.1144 157.013
96.1422 157.599
104.904 160.121
147.783 155.441
157.84 150.524
168.81 148.234
180.053 148.723
189.689 151.891
129.355 183.365
129.253 195.262
129.378 206.337
129.456 217.317
119.157 231.831
124.896 232.792
132.093 233.087
140.071 231.804
146.736 229.267
86.5229 186.894
92.5818 181.053
101.059 181.112
108.267 186.386
101.28 188.911
93.5618 189.13
154.686 182.005
160.947 175.253
170.025 173.942
178.345 178.711
170.759 182.29
162.544 183.337
108.911 257.062
115.829 249.352
124.176 244.404
133.895 244.24
145.141 242.965
155.855 246.502
165.854 252.975
159.343 260.912
149.623 266.635
137.654 269.421
126.19 268.783
116.176 265.016
123.087 251.828
135.1 250.777
149.682 249.691
150.714 258.209
136.657 260.67
123.824 260.522
