63.9288 125.814
72.2579 121.682
82.1142 121.395
92.1927 123.343
102.399 126.862
145.097 127.662
160.147 122.013
175.907 120.614
191.116 123.358
204.274 132.072
123.869 154.921
123.134 170
122.236 184.781
121.041 199.751
107.363 208.029
113.896 211.487
120.837 213.666
128.544 213.254
136.518 210.984
76.2608 145.493
85.9603 142.463
96.4532 143.992
103.959 152.85
94.287 154.886
83.9467 153.095
150.893 153.907
160.799 146.428
173.07 146.602
184.365 152.592
172.869 159.081
160.514 158.912
96.2209 234.839
104.77 233.142
112.756 231.887
120.748 233.041
131.998 233.108
142.704 237.458
154.118 241.575
144.225 247.949
133.461 252.382
121.793 252.607
111.398 249.752
103.358 243.565
110.919 237.658
121.552 239.685
134.393 240.172
134.405 242.555
122.483 243.008
111.109 239.956
