64.3405 166.049
74.1325 161.727
85.4287 162.282
96.6564 165.004
108.12 168.334
152.436 165.749
165.366 161.434
178.525 158.994
191.387 159.247
203.764 164.211
131.644 192.878
132.683 210.719
133.686 229.017
134.769 246.778
116.598 254.473
124.826 257.778
134.679 259.53
143.784 257.422
151.124 253.627
73.1587 190.487
83.2356 183.827
96.2585 184.766
105.037 195.021
94.8192 198.741
81.9527 198.499
158.312 193.244
167.228 181.484
180.908 180.972
190.924 188.345
182.107 195.145
169.368 196.235
108.256 278.336
116.634 277.994
124.996 276.322
133.3 278.632
142.948 276.24
152.233 277.34
160.344 277.943
153.425 287.701
145.067 294.355
133.64 296.283
123.11 293.977
115.136 287.209
124.093 282.14
133.498 283.89
143.978 281.745
143.865 283.311
133.416 284.784
124.49 283.348
