64.1555 164.817
74.3985 156.624
87.2632 153.916
100.837 154.132
114.122 157.321
157.391 152.531
165.731 146.081
174.512 141.732
183.685 140.722
192.417 144.829
138.146 179.024
140.979 190.53
144.03 201.84
146.932 213.507
127.931 230.325
136.504 230.647
145.502 229.657
152.971 227.819
159.534 225.379
81.8406 182.816
92.8662 176.501
104.987 175.065
114.075 183.49
104.722 186.511
93.3652 186.184
157.659 176.064
165.311 167.031
174.81 164.168
182.106 168.383
177.427 174.485
168.155 176.435
104.915 251.456
119.127 248.019
132.286 244.625
145.602 243.373
154.943 239.534
163.603 238.63
170.497 240.965
165.862 254.808
159.822 267.565
146.389 275.302
129.927 273.876
115.52 265.164
129.246 250.933
144.935 249.457
156.261 245.053
157.626 256.71
145.128 265.534
128.549 263.424
