72.4897 171.689
82.7166 165.901
95.0951 165.284
107.52 166.024
120.194 168.7
160.141 169.153
174.836 165.789
189.624 164.856
204.273 166.334
216.507 173.249
142.893 195.113
142.967 208.964
143.075 222.82
143.326 236.358
131.157 245.885
137.404 247.117
144.323 247.353
150.863 246.672
157.26 244.89
93.7189 194.728
101.924 189.6
111.589 189.588
120.037 195.1
110.608 197.767
101.769 197.824
168.572 193.711
176.414 187.17
185.975 186.957
194.374 191.333
186.567 194.954
177.827 195.59
115.294 271.538
123.672 265.475
133.81 261.986
144.539 263.23
156.002 261.7
167.54 264.642
179.086 268.988
171.223 280.19
159.145 287.037
145.633 289
132.182 288.497
120.871 282.563
132.431 270.274
144.987 269.94
158.166 269.669
159.759 274.559
145.154 277.389
131.602 276.917
