58.5967 126.845
67.3412 120.946
77.6188 120.169
88.4318 121.246
99.7038 123.056
154.821 123.338
164.753 120.621
174.611 118.508
184.711 117.166
194.334 119.979
128.923 149.232
129.331 163.17
129.654 177.228
129.931 191.189
115.455 202.927
123.201 203.61
130.493 204.151
138.605 203.687
147.258 202.786
71.6819 145.704
82.0678 139.521
94.3043 139.433
103.578 148.833
92.9257 150.118
81.421 150.11
154.45 147.824
162.374 137.136
173.696 135.992
184.075 140.873
176.214 147.129
165.224 148.447
104.797 222.47
114.404 220.654
122.946 217.496
132.625 219.81
142.97 216.806
152.382 219.412
163.042 221.112
154.546 231.306
145.176 238.921
132.162 242.2
120.083 239.089
111.928 232.113
122.899 224.541
132.464 226.419
144.273 224.38
144.494 226.418
131.978 229.128
122.849 226.042
