71.9907 157.378
84.8975 152.711
98.8833 152.538
112.324 155.329
125.037 160.433
163.23 162.368
172.152 158.003
181.809 155.297
192.068 155.443
200.888 159.94
143.106 186.228
144.398 200.554
145.719 214.505
146.282 228.872
124.514 240.061
133.326 243.228
142.503 244.935
150.648 243.827
157.846 239.648
90.5042 182.952
100.188 181.632
109.656 181.46
117.848 187.549
108.479 189.621
98.9687 188.007
163.725 188.913
172.643 184.237
181.574 183.13
190.082 185.968
181.821 189.989
172.577 190.656
103.29 259.285
116.107 259.311
127.615 257.226
139.907 258.39
147.73 257.29
155.572 259.071
163.057 261.255
155.721 266.978
147.598 272.104
138.029 273.978
125.604 271.902
114.389 266.282
125.468 262.589
139.779 264.317
148.912 263.364
148.792 263.041
139.155 264.312
124.999 262.82
