56.4325 189.749
63.7444 181.123
73.4305 175.234
84.1472 171.988
95.3805 171.059
128.36 159.736
138.119 152.767
148.119 147.986
158.722 146.334
169.178 149.515
119.869 186.345
124.94 199.98
129.744 213.069
134.284 226.148
121.327 239.618
129.382 239.595
138.183 237.915
145.63 234.727
151.812 230.166
74.4044 203.23
81.0842 195.397
90.5089 192.559
99.4591 197.574
91.7191 201.404
82.8387 203.417
142.482 184.133
147.208 174.761
156.436 171.238
166.375 174.338
159.468 179.862
151.035 183.145
114.072 263.965
122.158 256.093
131.936 250.015
143.189 248.412
153.563 243.878
164.216 243.222
174.483 245.447
170.514 257.647
163.915 268.79
151.798 275.151
137.382 276.619
124.662 271.746
130.707 258.29
145.569 254.763
159.174 249.9
161.577 256.599
147.733 263.299
131.545 265.694
