85.136 144.488
98.7413 139.428
113.883 141.474
127.5 148.22
140.081 156.51
167.281 165.148
179.529 160.868
191.782 160.832
202.991 164.084
210.878 170.645
150.046 180.38
147.152 193.642
145.044 206.355
142.505 218.859
117.38 230.728
125.096 233.595
132.893 236.312
140.075 237.363
147.071 237.979
91.556 163.536
105.022 159.507
118.268 164.007
123.459 177.804
112.31 176.773
100.484 172.3
166.848 188.043
178.152 179.654
189.895 180.73
197.087 189.704
188.773 194.119
177.91 192.211
95.4203 255.474
106.044 249.705
117.418 246.652
129.046 250.762
138.684 251.485
144.809 258.924
147.63 267.667
140.987 274.515
131.681 278.648
120.883 278.781
109.992 274.12
102.261 265.871
112.777 256.796
125.665 260.728
136.002 262.402
135.396 264.272
124.61 263.978
112.755 259.515
