67.8305 134.239
75.3435 127.565
85.0858 124.033
95.3856 123.165
105.744 124.474
153.245 121.458
163.946 116.734
175.741 115.796
187.082 119.047
197.435 125.236
131.373 151.774
132.759 165.66
134.17 179.374
135.136 192.806
120.187 206.243
127.928 207.34
135.165 207.805
142.928 206.044
150.394 203.568
83.8234 154.843
91.7996 148.516
102.046 148.588
109.613 155.767
101.482 158.891
92.3875 159.094
156.042 151.577
162.494 143.797
172.154 142.579
180.696 146.992
173.477 151.853
164.85 152.802
105.386 229.289
115.83 226.59
126.145 222.783
137.678 222.157
149.063 220.237
160.517 221.355
172.808 222.128
163.407 232.312
152.221 238.632
139.22 240.793
126.574 240.432
115.401 236.359
125.119 230.954
137.788 230.535
151.138 228.002
151.721 228.816
138.32 230.9
125.417 231.846
