77.956 48.6338
87.4726 41.7157
100.296 39.8279
112.719 41.8959
124.452 46.7042
186.139 58.4407
196.918 58.0816
207.157 60.7617
216.564 65.5763
222.053 72.5728
151.43 90.1781
150.979 106.192
151.587 121.42
151.704 137.047
129.571 149.962
139.04 153.172
149.393 155.597
159.047 155.084
167.117 153.352
89.7179 79.2437
102.508 72.5844
115.874 75.1677
121.322 87.0437
110.056 87.0044
99.1079 84.7761
176.525 95.5372
186.526 86.1438
198.877 85.7405
208.692 93.8752
198.32 97.7604
187.464 97.5416
108.82 179.034
122.36 174.058
135.138 169.097
148.689 170.607
159.808 170.508
169.805 175.026
178.833 181.135
170.896 190.086
160.482 196.589
147.587 198.045
132.969 195.143
120.122 188.628
130.933 180.514
147.462 181.525
160.811 181.463
162.339 183.501
148.416 183.665
131.138 182.939
