90.4061 112.779
104.45 109.761
118.825 111.073
131.932 117.056
143.767 125.245
197.404 139.099
211.111 137.302
223.952 138.095
236.126 141.994
244.588 150.569
165.411 160.819
161.15 181.93
157.185 203.204
152.831 224.021
125.904 229.067
136.534 234.526
148.185 239.007
158.231 240.124
167.001 238.664
100.24 141.69
115.833 137.895
130.726 142.698
136.504 158.229
123.068 155.936
109.608 150.722
185.391 171.375
198.104 162.551
212.41 164.258
221.793 173.612
211.181 177.813
197.34 176.042
97.726 245.545
112.461 247.707
126.769 248.636
141.724 253.72
153.473 254.613
163.871 257.722
172.427 261.167
160.589 270.782
148.498 276.85
133.882 276.781
118.364 270.215
106.857 259.074
121.245 254.47
138.645 261.215
153.36 262.245
152.084 264.864
137.823 264.708
120.529 256.787
