68.1044 154.324
78.1606 147.161
90.7113 143.672
103.17 143.282
115.274 145.911
156.293 144.284
168.57 140.886
181.633 140.47
193.988 143.842
203.325 151.596
136.415 178.007
137.376 194.105
138.418 209.682
139.331 224.963
121.953 238.064
129.834 239.194
138.784 240.186
147.31 238.712
154.68 237.07
77.7721 175.849
88.7953 167.876
101.662 168.09
110.41 177.758
99.1416 180.212
87.6192 180.417
161.091 178.173
169.034 168.798
181.068 167.319
191.51 174.671
182.522 180.156
171.478 180.684
102.109 263.203
113.951 259.303
126.559 256.695
139.503 257.649
150.983 256.167
162.215 258.285
173.455 259.87
164.452 269.444
152.229 276.113
137.853 278.547
123.858 277.488
111.596 272.024
123.737 265.471
138.72 267.04
152.526 265.107
152.677 265.185
138.777 267.404
123.113 266.085
