59.9556 114.849
69.9447 109.52
81.4959 106.463
93.8402 107.188
105.447 111.087
157.653 114.213
166.953 110.842
176.144 109.239
185.596 110.522
194.452 114.05
132.81 142
132.587 154.719
132.208 166.988
132.018 179.23
116.667 192.459
123.149 194.209
130.263 195.553
137.845 194.571
144.851 192.913
76.0317 136.618
86.6187 132.068
97.7884 132.752
106.108 141.552
95.8021 143.619
85.0307 141.77
153.277 142.919
161.915 134.811
173.538 134.311
183.242 139.723
174.222 144.847
163.549 145.55
94.5883 217.301
107 213.328
118.219 209.08
130.571 209.693
140.44 208.857
149.533 212.868
158.354 218.082
149.784 224.401
140.859 228.715
129.023 230.335
116.385 228.147
105.061 223.684
116.803 216.734
130.427 218.016
140.779 216.893
141.144 218.694
130.732 219.107
116.707 217.689
