72.3854 169.125
79.6424 163.711
89.1368 162.013
98.8653 162.747
108.479 166.349
152.602 164.289
164.098 161.18
176.059 160.739
188.209 163.019
197.913 170.149
129.463 188.666
127.982 201.908
126.575 215.124
125.253 228.369
116.095 238.193
121.768 239.857
128.352 241.336
136.473 240.642
143.259 239.093
83.5087 189.643
92.8191 183.264
104.821 183.73
114.659 192.729
103.578 195.27
92.2351 194.845
152.33 191.766
161.725 183.407
174.082 183.599
185.223 189.856
174.938 195.189
162.867 195.326
108.623 261.452
114.224 255.891
121.733 252.419
130.008 254.4
140.619 252.912
150.401 256.941
160.347 262.073
151.207 268.708
141.67 274.161
129.968 276.438
120.55 274.188
114.031 268.779
119.878 261.31
130.196 261.852
144.885 261
144.711 263.355
130.084 265.364
120.109 263.802
