58.6551 154.993
68.3637 150.252
79.4146 148.322
91.0135 149.207
101.729 153.516
151.415 148.818
162.47 145.008
173.852 144.006
184.985 145.06
193.828 149.886
129.454 180.485
129.661 197.072
129.55 212.784
129.908 228.727
112.647 239.42
120.598 241.289
129.633 242.108
137.473 240.758
144.616 239.025
75.2952 180.243
85.6241 172.579
96.6123 173.819
104.779 183.901
94.5532 185.274
84.2302 184.412
153.206 183.232
160.279 172.248
172.294 170.532
183.191 176.972
174.553 183.989
163.846 185.503
99.1893 257.669
109.868 257.494
119.437 257.903
128.178 259.19
137.978 258.735
148.091 259.135
160.083 260.167
151.086 268.603
140.119 273.646
127.434 274.556
116.317 272.566
106.435 266.465
116.973 264.116
128.723 266.733
141.713 265.113
141.927 263.153
127.979 263.169
116.101 261.247
