58.7962 154.01
71.1625 145.719
86.5151 142.956
101.201 145.594
115.238 151.892
154.032 155.1
165.452 152.17
176.541 151.46
187.409 154.187
197.295 158.915
134.608 182.057
134.264 197.231
133.984 212.071
133.803 227.017
117.563 238.734
126.126 240.47
134.427 241.233
142.719 240.264
150.327 238.973
73.9449 180.518
85.4122 175.558
97.307 176.936
105.069 185.587
94.8662 187.534
83.5936 186.089
156.589 187.52
166.255 179.358
177.601 178.558
186.103 184.663
177.48 188.829
167.205 189.195
100.415 263.6
111.463 260.593
122.257 257.516
133.551 258.462
143.761 258.293
153.495 260.677
162.698 264.144
153.77 269.914
144.018 274.595
132.67 276.382
120.436 274.872
109.464 271.062
121.208 265.059
132.67 265.045
144.081 264.495
144.403 265.222
132.784 266.295
120.589 265.949
