67.3304 150.06
81.0395 153.152
92.4804 157.883
102.683 163.313
113.024 168.719
171.508 171.928
181.817 169.593
191.755 166.963
201.49 166.1
207.237 169.465
142.004 181.712
140.099 199.017
138.46 215.962
136.462 232.408
120.426 243.9
127.252 245.293
133.421 245.995
139.044 246.385
144.092 246.002
81.8167 168.549
93.6597 166.071
105.376 167.27
113.973 178.576
102.486 179.217
89.9043 176.139
161.724 185.256
171.775 176.58
183.464 177.468
193.53 184.737
184.441 189.952
172.394 189.689
99.7958 260.007
109.861 260.284
119.143 259.892
129.235 262.725
136.634 261.453
142.208 264.085
145.457 268.414
141.249 277.22
135.096 281.781
124.845 283.119
113.199 279.529
104.817 272.699
116.623 265.83
128.601 267.457
135.255 267.88
133.711 269.825
127.419 270.42
115.764 267.484
