78.4702 112.075
86.9815 103.61
98.8899 99.7761
111.173 100.303
123.285 103.374
170.877 101.937
186.311 95.0715
202.507 92.3835
219.244 95.1641
232.783 104.356
148.931 130.579
148.361 146.193
147.706 161.503
146.558 176.819
134.047 193.309
141.172 192.899
149.125 192.994
157.668 192.28
165.799 192.112
94.4647 133.771
104.062 127.976
115.385 128.494
123.708 136.265
113.708 138.566
102.955 138.467
182.654 134.21
190.897 125.063
202.605 123.829
213.841 131.165
203.918 135.105
192.683 135.893
125.274 227.064
130.469 218.897
138.533 213.462
147.645 213.757
159.187 213.071
169.051 218.934
179.107 226.312
171.634 236.001
160.512 241.416
148.208 243.008
137.989 241.407
129.882 235.306
139.199 223.93
148.195 223.98
160.203 223.871
160.22 227.189
148.573 228.477
139.529 227.478
