70.739 164.742
79.9317 159.539
90.526 158.463
101.658 159.924
111.52 162.672
158.898 164.772
168.725 163.358
178.894 163.301
189.072 165.451
197.314 170.834
135.697 187.96
135.709 203.907
135.809 219.386
136.247 234.286
117.445 239.833
125.362 244.335
134.915 247.136
143.105 246.189
150.359 243.894
81.1754 187.544
91.0633 179.914
102.528 180.207
112.168 189.315
101.706 191.421
91.2517 190.808
155.17 191.445
165.157 182.633
176.481 183.206
184.736 190.881
176.284 193.606
165.717 193.925
90.2987 253.211
104.007 252.443
117.678 253.75
132.705 255.385
145.895 255.27
157.293 254.832
168.945 254.32
159.647 268.788
148.166 280.585
130.29 284.523
111.83 279.62
99.5084 268.12
114.984 257.982
132.869 261.65
148.619 259.391
148.227 268.1
131.75 274.847
113.527 268.454
