70.9957 120.248
82.8152 115.305
96.5713 114.627
110.327 116.084
123.621 120.504
157.362 127.468
168.575 124.214
180.581 125.093
190.506 129.825
195.916 139.18
140.138 148.826
139.851 163.058
139.919 176.695
140.176 190.425
123.767 205.065
130.633 206.474
136.902 207.378
140.907 206.854
145.592 205.41
83.3268 143.139
95.2152 137.262
107.575 138.964
114.251 151.444
103.924 153.702
92.6869 151.494
155.485 155.212
166.032 147.588
178.053 148.053
185.392 158.051
176.216 162.156
165.087 160.918
103.617 232.07
114.722 227.177
124.872 223.784
135.605 224.654
143.252 223.262
149.72 227.871
154.161 235.637
149.015 242.61
141.331 246.488
132.158 247.85
121.277 245.306
111.545 240.328
123.696 231.734
134.824 233.029
142.651 232.948
142.24 235.556
133.85 236.201
123.386 234.175
