96.5711 116.597
106.627 115.749
116.816 118.701
126.362 124.56
134.095 132.188
170.816 147.728
183.006 147.681
195.208 148.518
207.841 152.386
217.288 160.637
145.246 159.898
138.565 173.458
131.993 186.568
125.66 199.282
110.225 204.16
116.123 208.526
123.232 213.174
133.324 215.096
142.281 215.86
97.7571 142.067
108.777 138.382
119.937 144.089
123.96 155.756
113.224 154.899
103.485 150.372
166.695 172.919
178.196 166.557
190.984 169.149
197.62 179.441
187.187 182.344
175.973 178.887
89.4518 215.435
99.735 215.545
110.376 219.502
120.901 224.478
134.703 227.751
147.495 233.53
159.748 241.389
145.871 253.42
128.912 259.774
110.235 256.843
96.467 247.241
90.8759 231.585
105.722 224.96
118.812 232.06
137.368 235.644
135.651 247.864
114.884 245.424
100.496 234.69
