69.6488 153.647
78.1615 148.545
87.9049 147.181
97.8795 148.033
107.701 150.92
145.388 146.136
156.153 142.521
167.001 141.015
178.108 141.873
187.517 146.773
129.446 171.532
130.23 184.981
131.263 198.237
132 211.884
119.235 225.124
124.587 225.46
131.614 225.715
139.226 223.895
145.962 221.8
81.8855 176.961
90.2584 171.486
100.206 171.072
109.189 177.406
100.295 180.349
90.2431 180.265
149.034 172.639
155.708 165.065
165.192 163.898
175.153 167.652
167.746 172.796
158.108 173.96
105.037 247.652
114.394 241.738
123.15 236.881
133.084 235.788
143.829 234.762
153.624 237.228
162.738 241.119
156.595 250.631
148.037 258.346
136.292 262.791
123.868 262.108
113.344 256.227
120.785 243.614
133.958 242.376
147.112 241.075
148.284 248.779
134.675 252.107
120.471 251.632
