66.4737 133.259
73.5076 129.632
82.3109 129.07
90.6271 131.066
99.0629 134.755
142.504 129.283
155.763 123.453
169.828 120.304
183.177 121.283
194.573 127.633
121.602 151.238
120.095 165.582
118.097 179.656
116.149 193.186
108.318 211.087
114.901 212.044
122.829 212.542
132.96 211.401
142.885 209.12
76.3453 153.888
84.1623 148.306
94.5657 147.927
105.315 154.263
95.452 156.07
85.1784 156.128
151.66 151.599
160.244 143.314
171.996 142.376
185.09 147.752
174.067 151.565
162.6 152.439
101.756 233.519
107.036 228.94
115.061 227.206
124.053 228.088
137.805 226.021
151.09 228.629
164.529 232.272
154.235 241.829
142.347 249.987
127.806 252.88
116.163 250.768
107.53 243.466
115.223 237.065
126.394 238.85
143.035 236.23
142.622 236.179
125.799 239.471
114.355 237.193
