67.4035 167.764
76.0342 161.514
85.6652 157.179
96.5608 155.807
106.477 157.503
150.404 153.604
160.785 150.414
171.751 149.222
181.873 151.209
191.176 155.75
131.393 187.06
132.498 198.157
133.602 208.789
134.571 219.114
121.969 236.323
128.974 236.537
136.131 236.302
143.277 235.365
150.116 233.396
83.2356 187.839
91.1197 182.712
100.726 182.216
108.705 186.999
100.092 191.053
91.4125 191.24
153.536 182.874
159.744 176.056
169.146 174.961
177.779 179.408
170.166 183.258
161.148 184.44
107.722 262.233
116.716 255.61
126.385 250.693
137.764 250.242
147.997 248.104
158.189 250.251
167.749 255.336
158.653 262.806
149.364 268.049
139.813 270.839
128.807 270.884
117.645 267.915
124.336 258.834
138.029 257.218
150.54 255.566
150.462 257.133
138.301 259.112
124.946 260.631
