71.5891 185.349
77.1598 178.575
86.2385 175.326
96.0365 174.522
105.496 175.682
143.806 166.199
156.56 159.12
170.339 154.819
184.887 154.705
198.625 160.465
126.833 189.576
125.836 201.893
125.192 214.269
124.523 226.968
119.319 246.994
126.345 247.485
134.606 247.008
144.185 244.342
153.941 241.058
86.2592 202.739
92.4734 196.265
100.143 194.884
110.407 198.981
101.622 200.711
93.8483 202.536
158.612 186.306
165.146 179.566
174.153 177.823
185.423 180.689
175.463 183.884
166.871 185.478
117.508 281.457
118.843 270.041
126.597 261.139
138.278 259.812
152.252 256.224
166.202 260.978
177.497 270.393
169.672 280.199
158.303 287.529
145.246 291.329
133.836 291.828
124.89 287.692
127.165 271.69
140.369 268.109
157.962 266.002
159.693 276.298
143.237 279.927
130.838 281.031
