70.7867 164.524
79.9289 158.639
90.6882 158.997
101.308 162.011
110.66 168.596
149.54 171.138
161.811 167.361
174.319 166.299
187.046 168.854
197.886 175.041
130.343 191.414
128.544 205.147
126.712 218.922
125.08 232.981
112.529 237.677
118.292 241.173
125.675 242.88
133.448 242.419
140.939 240.657
82.9192 185.911
92.5306 182.009
102.731 184.136
109.677 193.256
99.6305 195.234
89.108 193.344
151.116 197.611
160.811 189.533
172.159 189.433
182.99 195.481
173.031 200.543
161.352 200.808
97.8834 254.828
106.171 255.405
114.861 255.13
124.43 257.395
134.873 256.278
145.682 258.614
156.895 261.791
148.626 271.031
137.218 277.934
123.851 279.274
111.348 275.8
103.164 266.861
112.2 260.526
124.617 261.613
137.776 261.752
138.178 266.018
124.816 267.17
112.166 264.371
