78.9462 134.134
87.6746 130.642
97.7776 131.484
107.299 134.14
116.118 139.488
154.999 142.141
168.969 138.663
183.258 139.339
196.91 144.013
207.351 152.269
130.366 165.892
125.016 181.336
119.482 196.314
114.282 211.618
106.878 219.624
112.379 222.703
119.438 224.918
128.775 224.219
137.706 222.856
87.2784 159.781
95.6007 154.24
106.767 156.46
113.825 166.871
103.829 167.394
93.8367 165.122
157.594 171.325
168.326 163.163
180.851 164.338
190.238 172.3
180.031 175.291
168.259 174.947
97.0162 233.826
104.105 235.948
111.854 236.518
121.184 238.652
135.946 238.363
149.689 240.832
164.922 242.358
151.925 251.923
136.764 256.702
120.594 257.255
108.826 252.9
102.187 245.361
109.357 242.914
121.958 245.84
139.833 245.829
139.667 246.709
122.006 246.604
110.165 243.248
