66.9023 152.716
76.3575 147.476
87.4292 147.088
98.0742 148.353
108.108 152.377
142.009 148.465
154.703 142.046
168.972 138.398
183.129 139.586
195.217 146.548
124.606 175.483
123.76 191.771
122.602 207.749
121.717 223.033
108.777 231.373
116.637 233.07
124.187 233.996
133.41 232.473
141.683 230.109
80.6259 174.154
88.6616 169.473
98.1148 170.432
107.035 175.948
97.4993 178.985
87.9833 178.775
150.959 172.992
158.426 165.208
168.449 163.937
178.248 168.457
170.63 174.255
161.043 175.77
97.3945 248.494
106.006 245.919
115.216 244.825
125.153 245.907
136.69 244.485
147.913 246.124
159.987 248.545
150.91 259.654
140.558 270.749
125.86 275.595
112.959 271.16
104.921 259.871
114.928 251.491
126.02 253.285
139.029 251.07
140.146 257.844
125.761 263.201
113.263 258.147
