78.0764 161.475
85.2459 154.438
94.6988 151.043
104.882 149.335
115.521 150.418
148.784 143.826
159.304 136.634
171.041 132.574
183.604 131.659
195.658 134.546
135.155 170.665
136.855 184.684
138.028 198.655
139.523 212.677
127.396 221.934
134.888 223.265
143.444 223.245
152.892 219.266
160.697 214.575
91.9223 178.845
99.3405 171.891
109.164 171.638
117.545 178.764
108.61 179.815
99.8513 180.372
159.31 168.625
165.23 158.261
174.829 154.168
184.689 157.542
177.161 162.596
168.891 166.054
114.742 238.933
124.942 235.883
134.764 233.265
145.556 231.742
158.673 228.777
171.788 227.33
186.179 226.295
178.868 241.558
167.494 254.64
151.474 261.422
136.076 260.776
123.954 251.988
132.024 239.615
146.618 238.01
164.677 233.502
168.617 243.039
149.244 251.361
131.881 250.05
