70.9491 147.834
78.7578 142.216
89.6792 142.929
100.069 146.127
109.548 151.419
147.32 149.165
161.045 143.318
175.616 140.022
190.309 141.211
202.378 147.715
125.628 172.845
124.847 189.258
123.822 205.295
123.241 220.488
110.431 230.21
117.878 232.365
126.598 233.386
137.048 231.999
146.765 230.088
80.1316 172.005
87.895 165.14
98.9965 166.299
107.367 177.513
97.2346 178.849
86.9589 177.657
154.493 175.867
163.034 164.431
175.406 163.173
186.867 169.248
176.935 175.799
165.513 177.719
102.43 243.132
110.319 244.163
119.842 243.668
130.515 244.747
145.097 243.611
159.199 244.001
175.489 242.11
164.456 256.385
151.414 267.077
134.267 270.613
120.306 264.928
112.339 254.574
120.204 248.543
131.814 250.931
148.497 248.632
151.21 254.616
134.724 258.984
121.99 253.576
