56.7094 160.362
67.5349 151.121
81.4299 148.614
95.3059 150.342
108.536 155.04
149.98 150.661
164.564 143.333
180.22 138.71
196.152 139.655
209.707 147.164
129.843 176.503
131.217 191.685
132.165 206.655
133.129 221.395
116.221 232.664
125.035 235.354
134.825 236.325
144.259 233.695
151.578 229.015
74.2359 176.645
84.894 171.641
96.5229 171.754
106.673 181.018
95.1245 183.088
83.8422 182.543
157.604 176.335
166.052 166.395
176.803 164.496
187.349 167.565
179.019 174.291
168.613 176.97
102.662 249.206
116.329 251.441
126.823 249.554
137.503 249.973
149.153 247.486
160.736 246.49
173.872 241.911
163.877 254.741
153.771 264.115
139.257 268.344
125.014 266.163
113.702 258.579
125.082 255.728
137.696 256.684
150.972 252.827
152.399 254.992
137.705 259.447
124.423 257.686
