70.1016 167.398
77.6341 160.671
87.5743 157.968
98.2448 158.128
109.384 159.415
152.521 156.754
164.223 154.284
176.058 154.497
188.336 157.092
199.268 161.403
129.029 186.31
127.896 201.731
126.486 216.965
124.921 232.434
110.212 240.549
118.073 243.381
126.727 245.087
137.33 243.272
146.872 240.374
80.6988 188.427
90.3157 180.029
102.387 180.691
110.365 190.313
100.088 193.433
89.0975 193.27
155.039 188.146
163.359 177.87
174.966 177.232
185.397 184.288
176.083 189.243
165.436 190.616
101.312 262.661
110.29 259.7
119.359 258.235
128.41 259.747
140.744 258.295
153.316 259.133
166.435 259.886
156.988 270.738
144.48 278.85
129.471 282.745
116.509 280.602
106.61 273.697
117.067 265.128
129.107 266.37
143.943 264.214
144.454 269.004
128.41 272.561
115.82 270.434
