49.7394 176.088
63.3631 168.429
78.6643 165.299
94.5274 167.625
109.719 173.423
159.506 173.683
169.553 167.697
180.324 165.133
190.885 166.154
198.745 171.986
138.927 185.673
141.028 201.746
143.684 217.365
146.379 233.616
124.004 250.696
132.61 252.112
140.424 252.692
146.815 251.515
152.06 249.965
69.8319 184.292
81.7427 174.527
96.1868 174.33
107.192 185.924
94.4709 188.121
80.6225 187.334
156.581 184.829
165.9 171.306
179.027 170.07
188.63 177.495
180.848 184.318
168.059 185.459
90.3803 273.852
106.398 272.75
122.83 271.117
139.574 272.38
147.754 269.24
156.222 269.62
161.767 273.603
155.399 281.098
147.785 286.235
136.959 289.098
119.637 288.103
103.771 283.074
117.724 277.55
137.637 277.922
147.282 275.869
146.896 278.174
137.127 279.143
117.43 278.378
