71.1002 156.906
79.715 151.375
89.8235 150.076
100.555 150.583
110.571 153.64
161.403 154.425
172.18 152.711
183.666 153.159
193.862 155.763
201.806 162.154
136.569 187.797
136.381 199.136
136.433 210.381
136.523 221.389
122.132 235.298
128.916 235.98
136.59 236.26
145.014 236.19
152.249 235.677
88.1726 181.233
96.9451 177.003
105.828 178.02
113.456 184.236
104.714 186.324
96.1053 185.574
160.144 185.963
168.507 179.595
178.401 179.401
185.853 183.694
178.225 187.816
169.394 188.142
106.318 257.9
116.214 253.275
126.366 250.145
137.053 251.028
147.589 250.514
157.192 255.172
164.834 261.626
156.577 267.381
145.646 267.938
135.83 267.817
125.525 267.062
114.627 264.204
125.311 258.172
136.695 258.917
148.224 259.391
147.823 259.666
136.549 258.569
125.366 257.859
