54.5304 131.6
63.3351 123.04
75.9929 117.931
89.6401 114.473
104.205 114.159
164.044 106.993
178.458 102.271
193.889 100.011
209.925 100.132
223.594 105.757
137.955 146.565
140.319 162.734
142.067 177.95
143.606 192.965
131.951 209.997
138.672 209.902
146.448 209.94
154.948 208.622
162.72 206.955
75.9811 150.546
86.3455 141.17
100.146 140.424
112.445 151.366
99.4551 154.133
86.2088 155.016
168.387 141.635
177.416 127.329
190.933 124.318
204.418 130.149
196.012 137.02
182.76 140.62
119.809 238.461
129.208 232.824
138.924 227.941
149.322 228.174
163.019 225.878
175.139 229.212
187.406 231.863
178.852 241.634
167.227 246.865
153.074 250.679
139.553 250.03
128.825 246.33
136.94 237.593
149.408 237.194
166.179 234.809
166.71 236.563
149.76 239.971
135.855 239.043
