61.6666 146.072
74.4363 141.955
88.74 141.231
103.306 145.159
116.662 151.883
162.106 153.444
176.24 150.991
189.714 151.249
202.13 154.835
211.586 162.653
139.028 175.348
138.194 192.026
137.13 208.227
135.853 224.251
113.003 233.463
122.516 236.035
133.307 238.428
141.157 237.752
148.823 236.337
77.258 165.215
90.0029 159.646
103.029 161.521
112.532 173.745
99.5415 174.288
86.7991 171.838
163.594 179.668
172.852 169.487
185.634 169.993
196.833 178.549
186.569 182.582
174.535 182.283
88.2148 253.727
102.4 252.299
114.831 249.935
128.398 252.102
139.176 251.204
148.511 254.235
158.995 258.855
149.549 266.819
138.548 271.395
125.4 273.074
110.642 269.129
98.3384 262.132
109.551 257.793
127.82 260.01
141.5 259.785
141.242 259.582
126.614 259.872
108.59 256.956
