63.426 139.324
74.1439 134.407
86.24 132.827
98.8999 133.501
111.014 137.242
158.715 133.317
169.349 128.921
180.853 127.171
192.736 126.676
203.087 130.641
134.458 163.798
134.837 179.56
134.85 194.962
135.147 210.955
121.433 216.483
129.116 219.977
137.48 221.517
146.906 219.356
155.417 214.829
78.1276 163.576
88.6832 158.056
101.137 157.904
111.666 167.378
100.062 169.492
88.1185 168.388
159.735 165.068
168.307 154.45
180.885 151.493
192.916 155.972
183.933 163.225
171.658 165.655
109.631 235.93
119.014 233.708
128.469 232.365
138.652 233.556
148.415 231.02
158.09 231.094
168.339 231.817
160.631 242.329
152.522 249.894
140.789 253.199
128.385 251.285
118.984 245.23
127.564 238.987
138.791 240.528
150.716 237.897
151.135 240.735
139.332 243.708
127.839 242.31
