64.5183 173.633
75.8507 167.188
88.9178 166.618
101.799 169.035
114.338 173.314
146.555 168.299
159.612 162.981
172.262 158.058
185.422 157.122
198.326 161.473
130.237 189.32
131.736 204.164
133.128 218.632
134.641 232.654
118.48 242.03
126.231 244.288
135.373 245.267
145.181 243.361
153.558 240.107
81.6003 192.26
90.7976 187.727
101.067 188.034
109.244 194.355
100.223 197.087
90.527 196.723
156.983 189.796
165.165 182.053
174.975 180.609
184.283 184.169
176.39 189.85
166.967 191.3
104.822 263.249
115.617 262.124
125.9 259.864
137.447 260.912
149.519 259.02
161.105 260.707
173.805 261.909
164.649 272.48
153.389 281.595
139.038 285.583
124.754 282.682
114.151 273.847
125.994 267.049
138.154 268.552
151.485 266.079
152.694 270.156
138.276 273.58
125.057 271.069
