76.6727 161.401
86.3367 158.448
96.8955 157.495
108.038 158.295
117.847 162.461
154.603 170.399
164.993 168.769
175.825 169.143
185.978 172.244
194.161 179.57
133.31 186.818
131.691 199.119
129.926 211.125
128.195 222.516
111.564 233.466
117.601 236.076
124.29 238.193
131.206 238.445
137.379 238.134
84.1377 177.947
94.0942 171.988
104.449 174.2
111.334 185.112
101.923 185.373
91.9102 183.032
153.148 193.754
162.544 187.925
172.451 189.264
179.246 197.659
171.032 199.895
161.273 198.249
93.2591 253.525
102.521 249.919
112.035 248.872
121.461 251.522
131.021 251.92
139.897 255.996
146.831 262.386
138.871 269.615
128.99 273.743
117.384 273.679
106.544 269.711
98.7218 262.399
111.154 255.162
120.294 257.948
128.785 258.743
128.3 264.513
118.799 264.207
109.154 260.445
