62.2446 115.506
74.7731 110.617
88.8328 110.252
102.8 113.241
116.171 118.233
151.919 116.899
164.381 111.943
177.484 108.764
191.086 108.127
202.98 112.649
135.503 133.246
135.974 150.188
136.289 167.004
136.996 184.571
119.479 192.649
126.794 195.826
134.999 198.093
142.736 196.598
149.229 194.561
79.8993 133.763
90.1668 127.897
102.513 128.538
111.466 136.977
100.802 141.004
88.333 140.918
153.437 136.678
163.785 127.772
176.259 127.395
187.032 133.702
177.597 140.74
165.031 140.767
101.645 213.343
113.121 211.885
123.672 209.609
134.409 212.405
144.713 210.098
154.274 213.274
164.556 215.956
157.522 226.393
147.049 233.627
134.391 235.256
121.42 232.314
110.194 224.327
120.844 217.076
134.112 219.171
148.135 218.019
148.201 220.487
134.665 221.86
121.149 219.139
