70.2364 183.535
78.7803 175.652
89.9653 170.748
101.94 168.445
113.468 169.44
148.833 159.765
155.902 154.444
163.862 150.862
171.979 148.483
180.221 149.663
137.443 186.244
142.492 200.176
147.566 214.042
152.334 228.114
132.924 235.957
142.396 237.459
152.287 236.853
160.414 232.787
165.494 226.834
90.6723 199.502
97.4841 192.968
106.809 190.58
116.188 194.821
108.314 197.333
99.3366 199.247
154.738 184.196
160.298 175.548
168.719 172.384
177.129 174.673
171.194 178.468
163.194 181.523
110.592 254.765
124.723 249.611
138.365 247.011
151.889 244.776
161.927 241.02
170.545 237.802
179.817 233.843
175.763 250.237
169.298 263.922
155.57 272.309
138.77 273.362
123.592 266.632
132.934 252.058
152.642 249.405
166.429 243.786
169.387 253.227
153.63 263.179
133.337 264.198
