65.7834 138.778
73.8964 134.341
83.5353 133.96
93.112 136.152
102.414 139.174
149.68 142.144
157.871 139.59
165.886 139.599
174.509 140.569
181.571 143.649
124.027 163.645
123.373 178.375
123.089 192.51
122.582 206.186
109.825 214.997
115.004 217.837
122.206 219.709
130.063 218.275
137.88 216.424
78.5003 160.803
87.046 156.624
96.9292 157.517
105.589 162.542
95.7924 164.3
86.4757 163.325
145.944 163.286
153.966 157.437
163.324 156.818
171.462 160.487
163.274 163.44
154.57 164.18
92.8019 234.719
102.001 229.801
113.281 228.856
125.427 228.598
137.657 226.851
150.177 227.547
161.64 230.985
151.951 243.01
139.537 251.871
123.657 255.977
109.211 253.662
99.273 246.228
109.148 235.108
125.12 235.996
142.578 233.381
142.538 243.055
123.614 246.407
107.401 244.26
