57.8404 100.992
68.5834 97.7262
80.5936 96.9299
91.953 98.3268
102.953 101.258
144.876 97.4967
155.913 91.3075
167.793 88.2939
179.909 88.3989
191.118 92.9484
129.171 126.863
133.291 142.464
137.904 158.228
142.133 174.047
122.885 185.906
133.215 186.934
143.413 186.66
150.546 184.593
156.78 181.906
67.396 126.902
77.2439 121.481
88.2838 121.502
97.6932 129.982
87.2737 131.885
76.7526 131.199
154.422 124.44
160.505 115.332
170.801 113.465
181.332 117.301
173.666 122.685
163.836 125.189
108.812 212.147
122.233 206.691
132.998 202.837
144.562 201.813
155.832 200.431
166.167 201.259
176.077 202.371
171.006 215.856
161.653 226.329
148.278 230.701
132.762 229.533
118.669 223.584
125.712 209.928
144.473 209.003
161.778 206.536
162.632 213.694
145.121 217.925
125.218 217.705
