71.6749 164.226
82.1083 161.434
92.7883 161.848
102.919 163.887
112.493 167.633
154.102 165.114
163.473 161.831
173.342 160.238
183.32 160.605
192.957 162.93
132.576 183.685
132.588 196.866
132.538 209.819
132.601 223.151
114.922 229.098
122.47 231.975
131.539 233.471
141.087 232.238
149.55 229.464
81.9902 187.334
90.4824 181.929
100.768 182.167
109.979 188.534
100.544 190.306
90.5495 189.512
153.422 188.123
161.509 180.634
172.031 179.895
182.424 184.603
173.331 187.663
163.254 188.886
95.2856 247.282
105.5 242.728
117.498 240.716
129.99 242.191
141.634 241.386
152.693 243.863
162.063 248.138
153.583 258.024
142.64 265.747
127.894 268.844
113.387 266.258
102.557 258.573
114.64 247.009
129.835 248.102
143.962 248.132
143.531 255.991
128.606 258.081
113.038 255.778
