78.7351 161.218
90.8002 157.296
103.378 158.006
115.633 162.168
126.571 168.818
162.288 177.22
172.325 176.301
182.308 177.026
191.494 180.677
198.428 187.192
139.605 193.928
137.747 204.487
136.503 214.952
135.428 225.588
115.239 234.362
121.69 237.789
129.376 240.984
136.484 242.055
143.261 242.236
86.015 181.329
96.8813 179.909
106.733 182.395
113.327 189.938
103.926 189.346
94.3995 186.984
157.393 200.196
166.356 196.373
175.905 198.317
184.354 204.472
175.236 205.885
165.974 204.275
84.9356 254.319
98.9578 247.863
113.394 247.2
127.121 251.484
138.332 253.998
147.408 260.66
152.304 270.263
142.533 279.833
129.794 285.073
115.611 284.209
101.398 278.565
90.7574 267.817
105.621 253.757
124.555 258.623
138.873 262.346
135.55 275.309
118.486 274.66
100.153 267.978
