73.2847 124.534
82.8295 119.787
94.2504 121.68
105.766 125.306
116.766 130.817
162.529 135.558
175.639 133.003
188.717 132.713
201.407 134.832
211.955 141.401
135.632 161.589
133.625 178.451
131.684 194.49
129.933 210.087
114.852 216.42
120.254 219.35
127.656 221.26
136.932 221.288
144.923 219.831
83.4887 150.67
93.4189 146.683
104.267 149.644
112.088 158.635
101.428 157.681
91.7422 155.557
162.68 165.34
173.68 158.518
184.68 158.424
193.543 164.471
183.592 167.439
173.262 167.036
100.258 230.501
109.762 232.815
119.322 235.784
129.266 238.72
140.513 237.214
152.391 236.106
164.739 235.452
154.316 245.338
142.294 250.689
128.087 251.497
115.606 248.698
106.454 242.213
119.36 240.033
129.523 243.34
141.353 241.657
141.197 242.421
128.882 243.504
118.225 240.886
