58.5849 151.911
68.536 146.348
80.1804 144.603
91.9719 144.412
104.177 147.252
155.712 141.054
167.276 136.106
180.298 134.587
193.416 136.766
203.581 143.886
131.132 170.484
128.925 188.547
126.666 206.399
124.444 223.318
106.679 228.783
115.688 232.97
126.735 235.771
138.965 232.719
149.202 227.841
76.6679 171.636
87.0961 165.335
99.2549 166.871
108.683 176.012
97.1524 174.62
86.1014 173.492
156.497 173.54
166.624 164.767
179.302 162.938
189.916 169.728
180.489 172.936
168.54 173.468
95.1972 245.819
104.685 246.574
116.47 249.421
128.917 250.193
143.78 249.344
157.894 248.255
170.829 249.979
159.967 263.799
145.622 273.21
128.833 276.67
113.574 272.834
102.944 261.893
113.682 254.184
129.717 256.47
148.239 254.308
149.021 262.692
129.757 266.946
112.941 261.82
