69.4694 151.586
77.8216 147.907
86.7479 148.229
95.5591 150.82
103.866 155.268
153.813 159.554
165.948 155.643
178.458 155.178
190.271 158.285
199.863 164.835
127.498 190.078
125.335 203.009
122.413 215.344
119.65 228.25
108.184 236.547
113.541 239.511
121.102 241.577
128.798 240.424
136.302 238.364
78.5431 181.68
89.4669 175.571
101.208 178.429
108.783 188.182
97.7642 190.593
86.4659 189.031
149.379 192.717
159.544 184.452
171.668 184.286
181.251 191.657
171.379 196.361
159.975 196.177
95.2765 251.624
103.657 249.353
113.266 249.078
123.531 250.823
136.302 251.14
148.748 253.513
160.608 257.963
151.711 269.903
138.73 278.874
122.095 281.603
108.261 277.481
99.8181 266.581
110.42 255.184
123.331 257.343
141.358 257.883
141.868 267.572
122.077 270.739
107.756 264.316
