77.0083 177.471
87.0729 171.334
99.593 170.081
112.091 172.645
123.737 178.021
170.007 177.293
181.737 170.193
194.682 166.402
208.681 167.271
219.992 174.669
146.71 204.515
146.356 220.918
146.125 237.509
145.731 253.505
131.601 265.134
138.516 267.785
146.828 268.982
155.102 268.013
162.163 266.068
90.5667 206.361
100.725 198.337
112.835 199.097
122.633 208.99
111.426 211.357
99.7187 211.316
172.808 207.292
182.406 196.679
195.208 196.089
206.269 203.961
197.133 209.567
184.473 209.918
117.176 291.929
126.739 286.941
136.365 283.401
147.151 284.233
157.773 283.392
167.287 286.729
176.455 292.152
169.7 300.057
159.52 304.466
147.727 305.941
135.64 304.32
124.96 299.628
137.621 291.661
146.841 292.684
157.073 291.351
157.766 294.43
147.373 294.775
137.601 294.043
