66.5146 159.163
77.0584 154.892
89.3969 155.882
101.271 159.871
112.046 166.172
149.18 158.814
160.599 150.283
173.528 143.438
186.857 139.535
201.298 141.535
132.109 187.322
134.015 202.817
135.46 217.925
137.014 232.654
120.736 242.913
129.758 245.271
139.371 245.44
151.346 241.814
161.118 235.958
77.8787 185.427
87.9858 180.207
99.8377 180.874
109.215 188.926
98.0525 191.952
86.7868 192.295
157.971 182.095
166.711 170.956
177.851 168.913
188.598 170.956
180.529 178.343
169.992 181.775
111.902 264.357
123.028 262.599
133.183 260.092
144.227 259.255
156.246 255.252
168.236 254.354
180.3 253.87
173.003 266.914
162.613 276.44
148.933 281.521
134.025 280.913
121.838 274.817
129.97 266.244
145.078 266.045
161.597 260.708
163.496 265.262
146.568 270.143
130.265 269.557
