56.5689 98.7951
69.945 91.3245
86.1142 88.1358
102.854 88.6043
117.954 94.2407
160.432 92.4024
169.03 87.7713
177.959 88.28
186.552 90.8886
192.984 96.8442
140.73 122.062
144.161 138.507
147.446 154.906
149.77 170.991
124.22 184.634
134.079 186.484
144.252 187.751
151.079 187.42
157.702 187.251
74.8611 118.833
87.2706 112.903
100.715 114.211
110.739 124.118
98.2533 127.16
85.3955 126.047
156.96 129.198
166.281 120.438
177.971 119.711
187.333 127.741
178.856 133.237
167.506 132.688
93.7053 209.332
108.648 204.606
123.928 202.326
139.661 204.116
148.696 202.768
157.381 206.002
163.55 213.347
157.618 225.27
147.746 234.05
134.831 237.191
117.805 232.885
104.016 223.084
119.388 208.991
138.353 211.472
150.263 210.884
150.636 221.766
136.606 226.004
116.552 220.858
