66.1935 152.076
78.4696 147.081
91.5826 146.267
105.213 147.651
117.272 153.371
152.352 152.956
162.21 148.461
173.204 147.934
183.257 149.175
191.585 154.37
135.081 176.632
135.002 190.379
135.262 204.156
135.158 217.597
119.914 231.016
127.238 230.938
134.972 231.03
141.204 231.637
146.531 232.095
81.0129 177.051
90.5892 171.959
100.922 172.82
108.665 180.849
99.3345 182.413
89.7153 181.469
153.431 182.599
161.573 175.789
171.644 175.879
179.926 182.542
171.845 185.444
162.214 185.351
102.815 259.865
112.005 253.322
122.216 249.453
133.704 249.589
143.353 249.943
152.409 253.868
159.349 261.803
154.565 270.608
145.423 275.805
133.609 276.284
120.581 274.124
110.548 268.057
123.341 259.804
134.11 260.905
142.647 261.229
144.659 263.765
134.467 263.376
122.847 261.469
