68.6832 156.652
75.3738 151.584
84.4112 150.824
93.4338 152.147
102.473 155.236
136.843 146.99
150.762 139.639
166.682 135.874
183.265 135.815
198.364 141.254
122.628 177.713
121.782 193.686
120.547 209.716
119.455 225.625
114.014 237.58
120.192 239.614
127.559 240.543
136.757 237.945
145.671 234.606
80.8571 182.771
86.9712 175.59
97.827 175.134
108.328 181.01
98.3751 184.652
88.4041 185.414
152.728 174.357
160.353 165.171
172.889 163.673
185.006 168.724
175.105 173.407
163.692 175.311
110.938 254.815
114.798 251.589
121.933 251.154
130.132 251.984
145.87 249.629
161.192 249.638
177.052 251.046
168.268 265.673
154.353 275.706
137.314 279.711
125.078 276.245
117.072 266.889
120.446 257.691
132.045 259.354
153.517 255.824
156.231 263.511
135.234 267.597
122.283 263.784
