81.4204 146.806
90.5882 145.127
100.064 146.972
108.919 151.22
116.814 157.077
160.026 165.139
172.115 165.176
183.946 166.148
194.66 169.757
202.806 177.355
133.35 182.786
129.793 196.171
125.918 210.203
122.161 223.56
106.253 230.051
112.352 234.315
119.311 237.163
128.131 237.87
136.564 237.331
82.792 171.399
93.4785 169.618
103.378 173.177
111.002 182.245
100.18 181.053
90.2878 177.958
155.491 190.788
166.561 186.877
177.753 189.146
187.305 195.353
176.537 197.346
165.125 195.643
88.8656 248.486
99.0583 245.653
108.539 245.182
118.155 247.865
129.769 250.245
139.413 255.084
149.869 260.979
139.507 272.801
126.665 278.71
110.856 278.067
97.4342 272.266
90.9184 261.748
103.008 251.651
116.053 255.487
132.285 258.397
130.557 267.807
113.466 266.473
99.9146 260.686
