65.3751 164.198
74.0485 154.068
87.0064 148.944
100.659 149.797
113.925 155.292
149.69 155.921
160.846 151.754
171.755 150.646
182.933 153.612
191.977 159.536
133.354 183.387
134.125 196.871
135.038 210.197
135.97 223.235
119.529 237.313
126.954 239.52
135.883 240.96
143.722 239.243
150.57 236.159
80.853 184.933
90.5091 177.965
101.656 178.875
111.066 187.001
100.501 188.202
90.3655 187.529
153.224 186.458
161.537 178.277
172.177 177.293
181.716 183.888
172.723 186.549
163.119 187.202
92.5883 260.444
106.651 255.388
120.562 252.527
134.248 253.902
147.031 251.988
159.382 254.087
170.13 259.778
162.44 272.764
149.406 281.42
133.99 284.538
116.787 283.223
101.709 274.764
115.097 260.434
134.223 261.083
151.214 259.107
152.724 271.991
133.96 275.315
113.128 273.68
