67.2585 167.166
77.577 159.81
91.2409 159.083
104.798 162.656
117.934 167.871
157.824 170.745
170.637 167.562
184.059 166.513
196.473 169.523
204.124 179.044
137.428 188.931
135.939 202.533
134.7 215.479
133.185 228.772
113.971 237.188
121.857 240.28
131.114 242.737
140.143 242.392
147.829 240.269
80.0532 185.984
91.0989 180.969
102.426 181.843
111.323 190.374
100.805 190.279
89.7127 188.871
159.28 195.094
170.344 187.909
181.808 189.19
191.17 196.616
181.158 197.818
170.144 197.002
89.4454 259.547
101.792 253.431
115.68 252.837
129.553 255.225
142.931 254.635
155.107 257.93
163.111 267.371
156.375 284.361
143.224 295.813
124.451 298.102
106.772 291.82
95.5793 277.831
110.555 258.521
129.674 261.19
145.995 261.689
146.025 281.401
126.472 285.1
105.747 277.687
