68.0761 164.146
78.9394 159.248
91.1968 157.233
103.794 157.719
115.625 160.712
157.456 162.79
165.247 159.976
172.985 158.177
181.466 156.897
189.573 158.567
135.534 185.573
135.813 200.097
135.656 214.384
135.15 229.295
115.893 234.701
123.822 238.035
133.018 239.957
140.196 238.976
146.864 236.419
85.1158 184.22
94.4701 179.557
104.645 179.454
113.146 186.634
104.254 188.86
93.8046 188.071
151.799 187.093
159.916 181.407
169.14 180.724
177.976 184.422
170.588 188.907
160.765 189.401
93.4518 248.927
105.453 249.061
118.028 249.095
131.027 251.178
140.696 250.054
150.055 250.741
158.296 252.514
150.399 261.974
141.405 269.903
128.534 272.559
113.879 269.508
102.506 260.495
114.406 253.889
130.585 256.072
141.592 255.071
140.885 261.183
128.977 263.183
113.3 260.028
