64.6152 171.181
71.4178 164.626
80.7136 161.562
90.7494 160.133
101.002 161.964
144.368 158.887
155.387 154.288
167.428 152.659
180.114 153.794
189.86 159.583
126.586 187.529
127.262 199.995
128.041 211.572
128.68 223.432
118.18 233.833
124.427 234.843
131.478 235.252
139.064 233.204
146.059 230.646
79.0248 192.959
87.5891 185.347
99.5383 184.314
110.942 191.265
100.3 194.035
88.896 194.995
148.946 185.315
157.232 176.608
168.57 174.898
178.783 180.329
170.629 184.946
159.629 186.183
105.093 255.803
112.627 249.525
122.503 246.462
133.138 246.796
146.451 244.422
159.323 244.821
171.729 248.772
163.389 262.193
152.725 272.799
137.197 278.314
122.705 276.492
112.433 267.166
120.691 253.217
133.819 252.865
151.755 249.822
155.274 262.053
135.191 268.406
119.758 265.682
