66.1765 163.914
71.8675 160.425
79.8766 162.334
88.4597 164.928
97.62 167.58
137.28 161.61
152.594 157.152
167.892 154.833
182.873 155.39
196.304 161.142
119.456 188.125
119.386 204.548
118.441 220.368
117.853 235.681
108.901 244.371
115.601 246.371
124.102 247.168
132.115 245.234
139.588 243.012
75.8575 188.274
84.8852 181.974
96.6416 182.412
107.144 191.658
96.5193 194.677
84.1497 194.3
146.982 188.806
156.518 178.88
169.255 177.675
182.399 182.582
172.129 190.07
159.08 191.076
108.295 257.336
112.355 256.752
119.944 258.277
128.582 260.48
140.635 258.437
152.95 258.068
167.847 256.801
158.48 268.782
145.428 277.197
130.782 279.475
119.248 276.373
113.35 268.136
120.794 262.552
129.911 265.359
142.595 262.717
142.753 266.939
130.552 268.86
122.336 266.384
