75.8179 162.366
85.4866 160.419
95.0949 161.374
104.329 163.615
113.895 166.612
150.14 169.668
159.709 166.912
169.497 165.44
179.877 165.608
189.108 169.68
130.146 188.511
129.356 201.95
128.689 215.013
128.109 228.267
113.544 235.283
120.172 237.177
127.175 238.602
134.731 238.459
141.816 237.545
85.5494 185.495
94.5923 182.451
104.186 183.784
112.096 189.87
102.716 191.154
93.2606 189.838
148.841 192.706
157.14 187.81
166.56 187.562
175.354 191.596
167.003 194.741
157.549 195.053
97.8998 249.849
107.396 249.129
116.888 248.083
126.539 249.891
136.238 249.909
145.69 251.857
154.613 253.538
146.422 259.815
136.602 264.286
124.914 264.88
114.342 262.015
105.198 256.642
112.016 253.47
125.984 256.636
139.745 255.778
139.568 255.415
125.85 255.634
111.988 253.263
