83.8208 155.943
95.7438 151.902
108.334 153.27
119.997 159.143
130.324 167.291
157.544 175.133
167.574 172.566
177.758 172.546
187.198 175.351
193.737 182.553
141.077 190.97
138.857 204.271
137.029 216.839
134.921 229.45
113.716 234.521
120.374 238.681
128.028 242.386
135.302 243.039
141.745 242.338
89.2725 179.265
99.9174 175.874
109.656 179.588
115.988 189.565
106.409 189.008
97.0646 185.883
156.031 199.737
164.457 194.252
173.961 195.082
180.711 202.066
172.441 204.85
163.826 203.415
87.9026 248.237
100.132 249.619
111.828 250.742
122.63 255.339
131.14 256.696
138.338 260.791
145.555 264.08
136.221 269.16
126.45 273.555
115.195 272.34
103.696 267.359
95.2324 258.327
105.776 255.015
120.967 260.225
132.008 262.465
130.6 264.332
118.903 261.962
104.353 257.302
