68.5614 144.645
78.2646 138.483
90.7413 137.366
103.241 139.158
114.713 142.683
149.524 144.217
162.668 141.222
176.177 139.319
189.704 141.315
199.774 149.305
130.573 169.604
129.826 180.772
129.197 191.9
128.82 202.582
117.785 219.514
123.556 219.139
129.651 218.394
136.587 219.201
142.88 219.183
81.6683 167.327
90.7755 161.142
101.13 161.857
108.348 170.688
98.5042 172.557
89.2795 171.72
156.853 171.215
164.438 162.602
175.286 162.253
184.495 168.737
176.385 172.752
166.674 173.003
102.833 246.814
111.632 241.795
121.075 238.252
131.013 238.427
141.397 238.362
151.378 242.173
161.024 246.976
153.058 254.955
142.708 259.787
130.98 261.655
119.381 259.827
109.766 254.921
120.605 247.321
130.919 247.914
142.12 247.56
142.756 247.97
130.621 248.983
119.386 248.502
