66.6657 126.29
74.8602 119.791
85.1905 117.982
96.3536 117.642
107.832 119.289
144.774 113.648
157.149 108.516
170.036 105.619
182.838 105.626
194.139 110.336
129.809 140.821
131.708 156.835
133.679 172.074
135.627 186.919
121.848 195.189
129.076 195.875
137.15 196.596
145.799 194.541
153.344 192.294
78.4953 143.931
87.2026 138.88
98.3408 138.602
107.047 146.099
97.5298 148.175
87.484 147.965
154.782 139.451
162.249 131.149
172.83 129.522
182.357 132.94
175.413 138.387
165.1 140.73
107.472 214.252
116.35 211.24
126.745 210.188
137.997 210.224
150.482 208.661
162.003 208.811
172.886 210.498
166.171 225.039
155.863 236.455
139.602 241.4
124.538 237.421
114.623 227.26
125.314 215.25
138.24 216.014
153.243 212.74
156.281 225.775
138.966 231.326
123.36 226.563
