69.7951 154.788
78.8735 150.647
89.3127 149.475
100.006 151.151
109.836 154.226
151.652 152.279
163.306 150.489
175.103 150.633
185.94 153.276
194.074 159.915
131.48 187.793
131.604 198.781
131.78 209.631
132.068 219.95
120.119 233.58
126.386 234.457
132.679 234.79
138.811 234.308
144.539 233.17
86.2042 188.589
92.5266 183.313
101.45 183.35
109.013 188.531
101.037 191.206
93.2461 191.241
156.268 187.845
162.587 182.954
171.406 182.735
178.26 187.066
171.231 189.987
163.338 190.509
105.646 254.526
113.823 249.021
123.237 244.859
133.188 245.817
143.335 245.031
152.313 249.651
160.085 255.723
152.286 261.859
143.191 265.491
132.602 266.427
121.944 264.662
112.679 261.296
123.34 254.261
133.063 253.311
142.049 253.833
141.925 254.566
132.397 255.2
122.402 255.122
