61.4157 180.437
69.85 170.993
82.2496 164.25
95.9493 161.169
109.391 161.764
148.28 145.774
155.84 137.895
164.844 132.195
174.515 128.982
184.444 129.964
140.311 180.943
146.371 193.123
152.725 205.231
158.747 217.032
141.84 234.945
150.965 234.714
161.65 232.813
168.674 228.227
174.162 222.948
81.074 203.359
89.9902 194.766
101.416 190.841
113.042 193.185
103.33 198.942
92.5197 203.113
158.466 174.366
164.616 164.233
175.297 159.683
186.721 160.96
178.768 167.654
168.841 172.261
120.628 265.002
133.034 256.67
146.539 249.247
162.575 244.57
172.606 239.156
183.206 235.828
192.915 235.163
192.35 251.48
186.477 265.695
172.76 274.52
153.945 278.694
136.135 274.49
142.73 256.769
164.512 250.447
178.332 242.367
184.522 252.89
169.811 264.947
144.637 268.352
