67.3882 148.067
78.2289 148.033
88.8082 149.183
98.9845 151.614
108.68 154.967
141.836 152.494
154.082 147.911
167.373 144.33
181.422 144.088
194.293 149.107
126.9 178.707
127.04 191.929
126.672 205.623
125.946 218.919
114.83 230.41
121.2 231.899
128.478 232.975
135.356 231.67
141.955 229.309
80.3862 177.329
88.9364 174.063
99.5017 174.861
108.295 180.937
98.1722 184.14
88.0826 183.24
149.541 178.762
157.992 173.002
168.973 172.244
179.111 176.357
169.472 182.131
159.06 182.633
105.086 253.145
112.703 248.131
120.684 244.83
128.914 245.593
137.757 244.828
146.745 248.642
155.124 253.053
147.483 258.951
138.695 262.135
128.537 262.281
119.933 261.314
112.207 257.933
117.936 251.755
129.379 252.651
140.23 252.981
139.937 252.34
128.603 252.516
117.629 251.707
