71.3146 166.247
80.0013 161.647
90.3757 160.32
100.512 160.96
109.917 163.595
145.741 160.809
156.744 157.287
168.416 156.132
180.499 157.433
190.495 162.312
128.695 181.828
128.136 196.85
127.713 211.957
127.393 226.653
116.275 237.937
122.196 239.878
129.083 240.599
137.043 239.558
144.047 237.384
83.4714 184.908
90.9807 181.351
99.5778 181.514
107.07 185.502
99.2402 186.481
91.297 186.06
152.617 183.919
159.917 179.817
168.75 179.553
176.516 183.598
168.374 184.875
160.127 185.035
101.374 259.891
110.031 255.46
119.802 253.737
130.127 254.52
141.362 253.09
152.731 254.73
163.296 259.013
154.9 266.853
143.664 272.187
131.155 273.783
119.397 273.14
109.122 267.894
118.737 262.236
130.618 263.164
144.201 261.63
145.098 262.397
131.118 262.697
118.405 262.856
