59.2927 142.717
67.5389 136.521
77.9534 132.192
89.3797 130.368
101.834 131.692
144.301 122.735
155.228 117.695
166.366 116.041
177.15 116.669
187.877 118.717
127.139 144.818
129.934 161.766
132.927 178.952
135.443 195.285
122.364 203.975
129.627 205.205
137.922 205.044
144.504 202.121
150.594 198.58
79.9285 158.529
87.8051 151.718
98.8536 149.88
109.961 156.671
99.9035 160.331
89.3104 161.762
148 149.063
154.901 138.676
165.653 136.223
175.917 139.139
168.82 145.059
158.66 148.093
109.76 224.359
119.026 220.952
128.82 218.365
140.205 216.788
150.98 213.941
160.987 213.183
170.672 213.072
166.608 226.721
158.369 236.823
144.822 243.252
129.89 242.689
118.823 235.43
128.139 223.045
141.195 221.415
153.32 218.101
157.871 227.029
143.634 233.948
127.711 232.503
