79.4536 159.892
88.0317 155.84
97.4193 155.371
107.096 157.368
115.471 162.493
156.809 164.218
165.779 160.077
175.838 159.02
184.67 161.562
192.26 167.016
136.967 188.36
136.273 200.002
135.686 210.601
134.784 220.836
117.598 233.572
126.015 235.956
135.046 237.817
143.208 236.526
150.843 234.345
86.7819 184.003
95.4843 179.726
105.047 180.946
112.751 187.608
103.958 188.57
95.4265 187.825
159.371 189.052
167.514 183.368
176.55 183.372
184.06 188.586
175.926 190.692
167.898 190.912
97.37 256.602
108.063 250.124
120.982 248.098
133.359 250.05
146.299 249.131
158.947 251.685
169.171 258.589
161.319 271.604
148.641 281.355
132.815 284.148
117.009 281.207
104.31 271.375
117.069 253.552
133.19 255.666
149.793 254.323
151.539 269.5
133.312 273.787
115.275 269.736
