77.8388 88.3646
91.3153 77.8631
109.728 74.4012
127.786 78.6254
145.817 84.4956
190.429 87.7426
203.476 83.4558
216.279 82.2936
228.071 87.3338
235.862 96.7495
166.367 117.454
167.333 134.803
168.545 151.026
169.052 167.748
144.175 180.522
153.039 183.197
163.195 185.117
172.6 184.061
180.454 181.753
94.4225 113.627
107.783 105.74
122.225 107.261
131.378 119.425
118.219 121.855
105.365 120.464
189.581 125.519
200.592 114.877
213.246 115.108
221.658 124.255
212.614 129.286
200.871 128.712
116.766 206.204
131.081 200.194
145.537 196.137
160.925 197.048
172.697 196.678
183.364 201.064
191.441 207.981
182.121 217.561
171.399 225.025
157.147 227.744
140.964 224.936
127.598 217.033
140.607 204.286
159.699 205.674
174.804 205.597
173.527 212.524
157.544 214.542
139.03 212.287
