75.587 138.778
84.4286 137.307
93.5223 139.259
102.392 143.245
110.55 148.938
158.374 155.132
172.781 153.188
186.598 154.502
199.647 159.364
210.661 168.337
125.272 181.335
120.401 198.531
115.561 215.066
111.897 232.14
103.798 241.651
110.043 247.539
119.166 250.929
130.231 249.899
140.729 246.565
80.2659 170.624
90.0022 165.705
101.16 169.699
109.36 179.928
97.9713 179.903
87.5609 178.053
154.827 186.701
165.646 177.304
178.148 179.008
189.446 188.205
177.497 190.351
166.157 189.427
100.902 262.415
107.731 260.734
115.592 261.551
123.612 264.488
142.156 265.42
159.651 268.684
177.183 272.448
162.973 289.38
143.646 298.785
121.666 298.519
109.373 291.352
103.954 277.714
113.04 270.03
123.458 274.394
146.989 274.994
148.867 286.581
123.89 285.515
111.852 278.288
