50.5917 185.047
56.3534 178.82
65.9694 176.553
76.6965 177.82
87.0683 181.109
130.368 166.97
143.009 155.742
158.45 148.008
174.768 145.532
189.623 149.612
118.188 200.21
120.803 218.449
123.437 237.144
126.545 255.178
120.148 265.081
126.865 265.332
135.078 265.576
143.541 263.063
151.133 259.784
63.4657 204.203
72.2343 196.298
86.942 194.905
101.087 204.603
88.3746 210.162
74.3913 211.458
145.384 194.819
152.6 179.739
167.677 175.053
183.315 179.578
173.681 190.227
159.454 194.714
118.473 281.464
125.316 280.826
133.162 279.559
142.359 280.102
155.659 274.991
169.61 271.631
184.912 267.291
175.731 280.833
164.626 291.476
149.765 298.125
137.226 296.629
128.743 289.933
133.397 285.112
145.637 286.294
161.155 279.429
162.132 281.49
146.886 288.382
135.048 286.731
