66.714 161.178
77.3539 157.796
88.6336 157.45
99.6982 158.25
110.762 160.44
149.609 162.637
161.667 158.878
174.376 157.986
186.305 160.384
196.338 166.73
130.721 183.877
131.097 197.432
131.314 210.839
132.018 223.89
113.96 234.918
122.079 237.207
130.762 238.498
139.24 237.313
147.483 235.38
81.6455 184.239
90.3959 180.727
98.9406 180.765
106.645 184.942
98.661 184.754
90.5945 184.683
152.927 187.062
161.379 182.468
170.241 182.361
179.063 185.555
170.668 186.699
161.722 187.272
97.7447 257.131
108.162 253.323
119.969 250.91
132.283 251.045
143.513 251.269
153.117 253.682
162.054 256.798
155.377 268.37
145.542 277.201
132.029 279.43
118.302 276.379
107.307 267.67
117.179 257.961
132.303 258.553
145.413 258.468
145.703 263.471
132.579 266.155
117.1 263.481
