74.2025 114.238
86.4381 104.07
103.314 99.7879
120.308 100.493
137.328 105.46
191.69 102.098
205.396 93.4543
220.201 88.7858
235.052 88.154
247.567 94.958
168.308 134.64
171.393 153.679
174.995 172.372
178.535 190.685
158.475 205.513
168.328 206.939
179.523 207.32
187.279 204.796
193.838 201.153
96.4225 142.316
108.599 133.849
123.502 133.329
137.44 143.094
123.242 145.297
109.125 145.453
197.051 136.998
207.133 125.588
220.973 123.14
233.705 129.052
223.457 134.962
210.699 136.934
125.887 232.354
142.596 227.248
159.153 223.684
176.58 222.686
190.465 220.353
203.076 220.714
216.21 222.76
208.241 238.69
197.404 251.573
178.829 258.645
157.15 257.294
138.973 247.841
153.711 230.477
176.927 230.539
194.8 226.311
197.914 238.291
176.876 246.316
151.138 244.991
