86.2938 134.733
94.5547 127.783
105.865 126.463
117.124 127.817
127.882 131.389
180.738 134.743
191.445 135.188
201.696 137.033
210.722 141.843
217.293 150.081
150.843 163.833
150.369 176.255
150.159 187.753
149.62 199.7
137.402 212.734
142.453 212.671
148.228 212.884
153.079 213.393
157.627 213.174
99.5214 156.026
109.53 150.152
120.451 152.059
126.668 160.396
116.996 163.921
106.226 162.645
173.045 165.13
181.736 157.169
192.875 157.866
201.171 163.991
192.827 169.143
182.354 169.335
123.181 241.723
130.255 236.575
137.921 233.08
146.296 234.988
154.36 234.328
161.289 238.463
167.577 244.2
161.733 251.069
154.048 255.175
144.602 256.836
134.737 254.253
127.455 249.399
138.951 241.16
145.953 242.967
151.927 241.697
152.583 243.982
144.816 245.226
137.905 243.077
