73.2134 169.065
79.4882 161.776
89.2547 159.877
98.752 159.536
107.595 161.528
136.535 153.528
151.319 146.759
167.455 144.041
183.99 146.003
200.143 151.214
126.119 188.125
125.286 201.742
124.236 215.049
123.648 228.437
119.396 244.658
125.292 247.282
132.648 247.814
141.329 245.811
149.728 242.847
87.7023 194.343
93.845 187.018
103.459 186.266
112.514 190.657
104.154 194.897
95.3453 195.974
156.635 182.506
164.177 174.056
176.209 173.217
188.161 178.257
177.338 182.584
166.187 184.297
117.926 275.622
120.213 267.353
126.909 263.499
134.643 263.491
150.554 261.705
167.341 264.693
184.358 271.698
171.485 280.435
156.44 285.054
140.854 287.125
131.659 286.903
123.484 282.386
128.812 272.137
136.648 271.691
156.308 270.916
158.37 274.95
138.908 277.414
130.019 277.323
