59.1661 163.101
65.5144 156.944
73.8769 154.482
83.388 153.742
93.3426 154.619
138.945 142.341
150.759 136.289
163.325 132.538
176.624 132.509
188.031 137.307
116.423 179.198
118.117 193.064
118.961 206.056
119.723 218.345
110.323 233.886
115.345 232.936
121.61 232.56
128.664 230.611
135.183 229.922
66.8569 184.829
75.5465 177.195
86.962 176.627
98.1779 184.038
87.3638 187.845
76.2559 188.13
145.361 174.815
152.937 163.909
164.243 161.695
175.625 167.93
166.678 172.753
156.008 174.879
103.955 262.026
105.945 253.182
113.318 247.423
122.947 246.742
134.74 244.783
145.329 248.268
153.464 254.243
148.03 265.951
139.584 273.431
127.98 278.69
116.377 277.144
108.436 271.684
116.027 256.244
124.105 254.052
135.563 252.242
137.016 263.394
126.06 268.513
117.053 266.722
