73.5533 155.905
85.0074 151.786
97.3665 152.388
109.188 155.985
120.299 160.734
157.934 168.81
170.14 166.65
182.997 166.858
194.927 170.425
203.541 178.789
136.217 189.339
134.845 204.323
133.235 218.894
131.475 233.604
111.277 240.088
119.926 244.169
129.325 246.951
138.641 246.882
147.136 245.553
84.1034 179.45
94.9711 176.369
105.92 179.004
114.095 187.701
103.321 186.16
92.9221 183.948
154.934 193.818
165.285 189.589
176.133 190.641
185.543 196.449
175.524 197.777
164.764 196.603
87.1041 256.192
100.34 256.328
113.848 256.927
127.765 260.296
140.411 260.698
151.805 263.294
162.487 265.657
151.474 277.323
138.218 286.415
121.696 288.022
105.928 282.234
95.2273 270.67
107.505 262.902
126.673 266.209
143.051 266.896
141.861 275.137
123.838 276.778
104.953 270.915
