65.4592 137.463
72.7776 125.243
85.1102 120.045
98.8517 120.147
111.769 123.663
154.988 116.939
164.934 112.486
175.184 109.921
185.182 110.685
193.998 115.819
138.003 152.479
141.246 167.254
144.418 182.103
147.814 196.282
136.911 212.557
142.252 211.659
148.777 210.5
154.074 208.714
159.074 208.297
82.6746 163.531
92.0128 154.142
104.265 153.408
115.928 159.757
105.034 166.274
92.5651 168.059
157.996 148.983
164.922 140.033
176.016 138.121
186.61 143.749
179.276 150.264
168.284 152.143
122.111 235.366
128.027 232.305
134.711 228.69
142.213 227.819
147.564 227.626
152.814 229.585
159.16 231.669
154.167 238.539
148.896 243.068
142.226 244.965
133.99 244.948
126.798 241.756
133.168 235.775
142.329 235.386
149.656 234.256
148.549 233.347
141.908 234.841
133.357 234.998
