69.5015 142.797
79.0621 134.895
92.0455 132.748
105.514 134.251
117.837 139.063
160.89 139.859
173.001 134.455
186.111 132.299
198.757 134.772
208.378 142.909
138.241 163.285
138.233 176.65
138.466 190.187
138.767 203.482
125.621 214.48
131.817 216.001
138.697 216.606
145.868 216.062
152.02 214.692
85.2068 163.455
94.5905 156.811
105.861 156.94
113.561 165.436
104.008 168.769
93.238 168.453
163.323 165.742
171.091 156.616
182.529 155.5
191.589 161.549
184.04 167.405
173.068 167.99
110.045 242.796
119.476 236.991
129.182 233.033
139.242 234.878
149.203 232.994
158.633 236.438
168.317 241.338
161.23 250.571
151.117 256.798
139.232 258.634
127.313 256.997
117.306 251.128
128.352 242.747
139.255 244.088
150.658 242.509
151.492 243.606
139.26 245.358
127.871 243.632
