63.0813 176.372
72.0024 169.886
82.7562 167.689
93.1817 166.953
103.627 168.187
143.477 161.822
154.108 156.551
165.186 153.399
177.149 152.446
187.911 155.538
127.263 186.955
129.216 200.761
131.29 213.889
133.468 227.113
120.46 240.113
128.214 240.482
136.226 239.67
143.579 237.723
150.421 234.348
80.1273 194.275
88.6804 187.633
98.6607 186.307
108.118 192.205
99.4045 196.611
89.2157 197.062
149.87 184.863
157.531 176.935
167.803 175.993
178.06 179.72
169.815 185.191
159.565 186.947
108.648 261.632
116.699 255.266
126.411 251.545
136.928 250.947
148.755 247.254
160.398 247.094
170.743 249.211
164.326 260.239
155.073 269.076
142.026 273.557
129.023 274.331
117.064 269.609
124.27 259.878
138.212 257.957
154.354 253.696
155.606 255.868
140.057 260.484
124.886 261.876
