84.0565 158.39
89.7754 154.215
97.8692 154.284
106.593 155.553
114.385 158.764
155.313 146.784
169.696 139.21
185.049 134.047
200.753 132.798
215.327 136.918
137.628 181.912
137.311 198.247
136.148 213.969
135.08 229.404
135.078 243.815
140.441 244.934
146.721 244.665
155.752 242.677
164.552 239.852
95.8714 184.29
102.592 177.975
114.067 178.5
126.057 185.732
114.722 189.831
102.703 190.675
171.11 175.815
178.068 165.3
191.104 163.254
205.697 166.961
195.966 175.068
182.075 178.465
134.544 267.739
138.164 263.753
144.778 261.719
151.629 262.524
166.053 260.138
181.002 260.727
197.547 260.996
186.787 273.077
172.681 280.641
156.621 284.638
145.841 283.377
138.25 277.606
145.064 268.817
153.431 269.304
171.651 266.327
171.673 268.466
153.317 271.798
144.672 269.911
