71.0926 169.077
79.4954 163.075
90.3303 161.646
101.279 162.885
111.398 166.521
154.689 166.216
165.344 162.745
176.11 160.846
187.483 160.567
197.371 166.041
134.127 189.419
134.919 203.801
135.572 218.125
136.31 232.293
124.952 245.761
130.264 246.879
136.89 247.424
143.219 246.442
148.433 244.829
84.6999 190.371
92.8867 184.202
103.582 184.939
111.717 192.902
102.102 195.798
91.768 195.25
157.523 192.891
164.567 184.345
175.764 183.771
185.888 190.033
177.448 195.172
167.018 195.83
109.721 274.946
117.808 268.302
126.699 264.33
136.842 264.632
147.424 264.172
156.987 267.531
165.321 274.093
159.887 283.243
149.89 288.754
138.524 290.691
126.592 289.559
115.945 284.337
128.261 272.219
137.395 271.967
145.476 271.774
146.599 275.742
137.987 276.915
127.806 275.945
