63.5179 138.574
73.9308 130.037
86.8575 124.773
100.426 123.272
114.405 124.82
148.776 117.526
156.044 110.473
164.443 105.539
174.536 103.783
183.347 106.635
139.938 150.661
145.043 163.623
149.717 176.844
153.57 189.513
140.096 203.201
148.275 203.223
156.707 202.282
163.819 198.641
168.386 193.377
83.0969 161.815
91.41 153.671
102.181 151.247
112.798 156.559
103.984 162.362
93.7236 164.691
156.681 145.373
162.751 136.196
172.36 132.487
182.758 135.945
176.453 142.785
166.495 146.068
132.009 231.842
140.73 224.105
149.228 216.87
160.02 213.705
167.657 210.83
174.587 212.997
180.845 217.25
177.695 223.629
173.068 229.203
165.315 232.737
153.81 235.214
142.672 234.971
152.6 224.545
162.41 221.744
168.55 219.736
168.871 219.397
162.436 222.033
152.794 224.989
