77.3782 154.805
86.5409 149.068
98.0287 148.528
108.858 151.801
119.742 156.71
150.759 158.736
161.218 154.126
171.81 151.411
182.962 152.03
190.816 158.307
135.698 175.714
136.303 187.414
136.878 198.842
137.52 210.5
121.773 218.499
129.179 220.575
137.12 222.168
144.053 220.902
150.253 219.035
86.4553 173.671
95.7753 168.641
105.407 169.1
112.358 177.05
103.841 178.14
94.4056 177.248
155.755 179.08
163.111 172.012
172.17 171.612
180.37 177.127
172.514 180.463
163.446 180.684
107.162 240.082
115.917 234.108
125.854 230.292
136.843 230.957
146.354 230.641
154.78 235.65
160.356 241.632
154.291 249.397
145.248 254.221
134.517 255.587
123.602 253.36
113.622 248.136
121.067 237.581
136.108 238.168
148.625 239.094
148.327 245.58
135.184 246.906
120.216 244.85
