64.0341 144.709
73.5996 137.223
86.7999 134.962
100.207 136.453
113.585 139.668
157.644 137.462
168.626 132.4
180.315 129.626
192.442 128.116
202.955 131.976
137.484 164.773
139.807 180.083
142.502 195.788
145.311 211.127
126.205 221.797
135.024 224.487
144.726 225.086
153.787 222.46
160.89 218.654
78.9682 166.265
90.4699 159.757
101.81 160.181
110.119 168.37
101.135 172.028
90.19 171.527
164.274 164.188
172.506 154.687
183.979 153.034
194.338 158.039
185.891 164.95
175.172 166.279
116.439 247.269
126.835 244.366
135.713 241.327
145.601 242.69
154.244 239.426
162.928 240.669
172.384 241.368
166.387 251.66
158.86 258.953
147.714 262.457
134.902 262.054
124.956 255.963
135.374 248.388
146.316 248.852
155.986 246.544
156.091 248.068
146.437 250.57
135.38 250.153
