73.7704 150.578
84.0998 147.185
95.7205 148.302
106.733 152.763
117.159 158.419
154.825 162.903
166.668 158.425
178.699 156.206
191.031 156.403
201.981 161.029
134.708 181.809
133.681 195.566
132.679 209.595
131.971 224.265
115.3 228.896
122.463 231.543
130.885 233.267
139.46 232.908
147.131 231.649
83.0191 174.616
93.8573 170.403
104.9 172.432
113.736 182.115
102.441 181.692
91.5518 179.678
157.99 186.623
167.295 178.128
178.203 178.564
188.909 184.244
179.243 187.629
168.074 188.509
100.624 249.041
111.006 246.638
121.088 244.946
132.023 247.461
141.76 245.979
150.681 248.929
159.725 252.441
151.525 262.662
141.723 269.626
128.543 271.47
115.626 268.458
106.597 260.46
115.939 251.743
130.871 253.671
144.001 252.73
143.561 258.559
129.506 260.478
114.954 257.437
