78.9953 170.287
88.3647 167.453
98.5495 166.318
108.078 167.124
117.221 168.871
152.841 167.723
162.56 165.332
172.054 163.969
182.066 164.314
191.005 166.994
134.725 189.669
133.695 200.862
132.601 211.981
131.338 223.281
119.015 232.35
125.483 233.816
132.791 234.321
139.565 233.46
145.681 231.231
86.9063 191.761
95.777 185.827
105.077 186.287
112.005 193.226
103.877 195.241
95.21 194.716
156.751 191.873
164.824 184.957
174.937 184.531
183.102 190.574
175.192 193.166
166.163 193.446
105.752 257.377
113.528 251.078
123.179 247.428
133.249 247.023
144.721 246.076
155.46 249.322
163.366 256.356
156.919 266.763
146.711 273.641
133.499 276.388
120.853 274.094
111.046 267.193
120.403 253.956
133.314 252.856
147.792 252.693
148.864 265.276
133.734 268.571
119.355 265.551
