77.7098 164.789
86.7887 160.058
97.1668 158.571
108.212 160.417
119.055 163.827
143.067 166.549
155.931 165.022
169.356 165.168
182.226 168.867
194.199 175.566
125.97 183.978
123.684 195.602
121.376 207.776
119.364 220.184
109.268 231.725
114.175 234.624
120.053 236.047
129.239 236.266
137.243 234.67
85.8397 186.293
93.8626 184.826
101.805 185.106
109.621 187.439
101.192 187.1
93.6312 186.435
148.818 190.914
157.28 191.501
165.857 192.124
175.044 192.903
165.65 193.378
157.086 192.787
93.2413 261.648
97.4378 251.967
106.882 246.642
118.156 248.424
133.115 249.46
145.461 257.73
155.106 269.504
146.295 281.678
132.212 287.071
116.304 286.641
103.709 283.09
95.2714 273.617
104.185 256.573
118.338 257.293
137.831 259.832
138.116 275.243
118.115 275.786
103.151 271.421
