64.0673 128.452
74.9465 120.115
89.1262 118.436
103.002 120.24
116.2 124.886
151.846 125.204
164.064 121.044
176.811 119.839
188.959 121.27
197.954 128.661
134.675 147.148
135.564 158.9
136.243 170.636
136.917 183.065
119.89 197.646
127.98 198.986
136.462 199.785
143.639 198.434
149.704 196.511
79.2088 148.769
89.1862 141.322
101.43 142.037
110.532 150.441
99.756 151.797
88.2004 151.878
154.392 150.044
163.999 142.428
175.388 142.186
183.746 149.869
175.068 152.533
164.662 152.027
100.324 224.263
110.563 216.805
122.844 213.222
135.05 214.825
145.921 213.085
156.882 215.77
164.764 222.704
158.854 234.737
148.362 243.694
134.194 247.767
118.895 244.47
106.924 235.675
120.482 220.755
134.768 220.92
147.96 220.407
148.692 232.05
134.2 235.692
118.764 233.073
