69.2292 145.026
79.2432 140.359
91.3256 140.323
103.382 142.686
114.428 147.455
148.655 146.944
161.056 141.624
173.956 139.079
187.454 139.224
198.568 145.972
131.831 163.561
131.161 178.782
130.829 194.765
130.584 210.661
118.454 216.827
124.582 218.963
132.019 219.877
139.943 218.834
146.19 216.73
82.494 165.447
91.224 159.248
102.11 160.383
110.469 167.884
100.701 169.805
90.8307 169.918
153.648 169.115
161.783 160.017
173.393 158.907
183.291 165.243
174.202 169.723
163.89 170.551
101.559 235.492
111.995 233.179
122.643 231.919
133.035 234.092
143.419 231.804
153.397 233.15
163.448 236.302
156.239 246.459
145.895 252.549
133.223 253.899
120.45 251.938
109.459 245.917
121.63 239.998
133.184 242.427
144.081 240.48
144.817 241.395
133.345 242.869
121.098 241.056
