65.5266 155.306
74.5883 151.936
85.4615 152.188
95.6623 154.577
105.923 157.991
147.82 159.882
158.694 156.657
169.412 155.609
180.096 156.012
189.477 160.417
126.563 181.901
126.516 196.351
126.695 210.808
126.52 224.996
112.605 234.697
118.727 238.522
126.431 240.436
134.318 238.841
140.984 235.225
75.6008 180.816
84.7878 174.842
95.3977 175.342
104.414 183.305
94.3815 185.71
83.9452 185.458
149.762 183.713
158.318 176.674
169.061 175.425
178.356 181.625
169.43 185.912
159.163 186.026
98.2414 255.154
108.098 252.641
118.154 251.575
128.863 252.302
138.589 251.142
148.516 250.615
157.647 251.816
151.072 261.544
141.424 268.968
129.236 271.066
116.632 269.325
106.573 263.21
115.452 257.8
128.542 259.724
141.17 257.12
142.003 258.607
128.715 261.156
115.455 259.673
