85.0919 149.796
92.4343 149.077
100.099 151.752
106.428 156.052
112.668 160.474
142.861 168.145
156.61 167.735
170.323 169.344
182.95 174.079
193.869 181.771
124.017 185.151
119.632 197.404
114.775 209.695
109.846 221.046
100.75 230.915
105.47 234.756
112.977 237.953
122.644 238.88
131.588 238.401
89.2871 175.316
95.8938 172.13
103.215 174.256
108.265 181.645
101.13 182.2
94.3061 180.17
148.999 192.216
158.064 188.21
167.346 190.802
174.894 196.559
165.31 197.902
156.552 196.401
92.732 253.278
95.4829 248.511
102.462 246.368
110.267 249.422
125.779 252.353
139.281 260.7
153.367 269.354
141.378 281.394
124.663 286.551
107.64 284.726
98.1289 276.752
94.678 264.94
101.187 253.601
110.089 256.294
131.837 261.338
132.016 274.13
110.607 272.594
100.895 264.25
