60.8323 152.28
73.382 146.334
88.5491 145.167
103.838 149.495
118.091 156.488
157.807 162.392
169.002 157.282
180.722 154.552
191.984 155.345
201.596 160.755
138.808 180.844
140.956 197.608
143.069 213.512
145.501 229.973
118.246 237.394
129.172 241.766
141.525 244.355
150.058 242.666
157.55 239.37
73.9456 179.304
85.8492 174.377
99.1109 174.693
108.796 182.721
97.9051 184.866
84.9979 184.147
156.309 185.28
167.487 179.488
179.912 179.748
188.873 184.844
179.14 188.155
167.022 187.907
85.7645 259.343
103.737 257.457
120.978 255.526
138.642 258.444
150.519 255.994
161.414 256.749
170.407 258.321
162.75 274.534
154.019 290.064
136.293 296.984
114.339 291.769
98.3989 277.541
111.721 264.04
137.955 266.506
155.518 263.704
156.247 275.068
136.482 285.027
109.443 276.777
