62.7315 161.279
75.5569 160.078
88.7998 162.298
100.35 165.87
111.113 171.132
158.793 170.112
169.467 166.84
180.304 165.069
190.993 166.085
200.59 170.254
134.308 190.056
134.551 204.857
134.497 219.88
134.507 234.82
108.884 241.654
120.571 245.798
132.885 248.313
143.938 247.181
153.594 243.18
71.8316 183.534
82.6984 180.469
93.9662 182.594
103.047 190.924
91.9905 190.041
81.4124 187.759
155.69 192.393
165.69 186.362
176.765 186.019
187.328 190.621
177.553 192.743
166.519 193.709
74.3274 256.395
93.6687 256.73
111.032 257.605
128.482 260.171
142.95 259.122
156.406 259.479
169.463 259.285
158.46 276.963
144.76 290.83
124.144 294.943
102.466 289.219
86.1955 275.112
103.197 261.73
127.148 266.168
145.672 264.28
146.788 277.706
124.758 284.533
99.5193 276.652
