70.5706 159.139
82.8684 154.021
95.9757 155.398
108.858 159.464
120.387 165.408
158.018 172.305
167.058 168.836
176.707 167.926
186.327 169.135
193.736 174.695
136.68 192.083
135.792 206.729
135.132 221.634
133.81 236.672
115.138 246.18
121.07 248.655
128.303 250.692
134.171 250.946
139.732 249.591
82.0189 182.155
93.9019 180.037
104.903 182.51
113.962 189.217
103.1 188.456
92.0044 186.429
154.968 196.456
164.093 191.085
173.202 190.79
181.731 194.365
173.355 197.088
163.59 196.984
90.7639 262.65
102.925 261.794
115.177 261.266
126.915 263.24
137.294 263.563
145.493 266.194
152.957 270.305
144.363 275.79
134.994 279.174
124.255 279.439
111.911 276.212
101.091 269.797
110.245 266.224
125.927 269.384
139.856 269.013
138.837 271.11
126.105 270.564
110.735 267.966
