75.2041 158.883
85.9511 156.691
96.9559 158.887
107.028 162.582
116.469 167.19
154.285 170.706
164.602 167.746
175.201 166.736
186.002 167.157
194.579 172.479
135.042 191.437
134.391 205.743
133.83 219.897
133.122 234.008
113.94 238.42
122.247 242.67
130.751 245.063
138.504 244.704
146.285 242.48
83.5659 183.094
93.5001 180.796
103.826 182.283
111.827 188.621
102.194 188.766
92.2104 187.149
152.295 193.203
161.789 188.69
171.951 188.869
181.419 193.893
171.779 195.227
161.729 194.907
90.9418 254.574
103.5 254.264
116.353 254.572
128.865 258.074
139.181 256.306
149.38 256.989
159.634 258.674
150.707 269.54
139.433 277.723
125.126 279.475
110.937 275.727
99.7401 266.099
111.229 260.324
127.406 264.087
141.414 262.728
141.755 266.404
126.691 268.14
110.366 264.189
