78.3086 115.289
87.2149 110.065
98.7921 109.083
110.143 111.283
120.477 115.948
154.46 117.672
168.075 115.594
181.545 116.647
193.907 121.822
203.181 131.424
134.001 139.303
131.834 153.275
129.572 167.527
127.495 181.717
113.107 193.691
120.034 196.161
128.065 197.332
135.802 197.839
142.871 196.767
89.974 139.228
98.3818 132.87
108.88 134.251
115.277 141.596
106.9 143.081
97.6838 142.574
156.479 146.631
166.135 140.335
177.268 141.533
185.065 149.052
176.006 150.438
165.942 150.221
100.123 215.378
108.336 211.529
117.684 209.946
127.714 211.183
137.893 211.619
146.824 215.207
154.067 220.664
145.303 226.559
136.004 229.831
125.837 230.169
115.76 227.283
108.011 221.98
114.777 216.062
127.714 217.639
138.821 218.219
138.394 220.636
127.502 220.286
115.04 218.331
