63.7163 169.358
73.5958 165.083
84.0531 164.202
94.2596 165.403
103.9 167.376
133.735 164.601
145.551 160.387
157.679 158.559
170.446 159.266
182.138 163.803
120.217 184.174
120.936 197.909
121.304 211.542
121.845 225.337
113.285 238.931
119.475 239.554
125.67 239.731
132.969 238.217
139.885 236.543
77.3777 193.998
84.3238 189.731
92.7067 189.253
100.835 192.409
92.8762 193.515
84.7443 193.935
145.339 189.544
152.942 183.916
161.831 183.515
170.237 187.102
162.698 189.309
153.958 189.926
102.442 268.779
108.48 260.402
116.613 254.6
126.68 253.849
139.366 252.715
150.8 256.97
160.082 264.957
152.403 274.141
141.53 279.4
130.487 281.347
120.117 280.166
110.371 275.85
115.718 263.449
127.875 261.469
143.707 261.339
144.337 267.674
129.522 269.656
116.299 269.633
