60.5714 167.004
71.7895 160.353
83.849 157.359
96.5403 157.467
108.825 160.198
157.358 158.471
168.496 153.958
180.259 152.223
192.154 154.427
202.299 160.761
136.494 190.339
137.838 206.093
139.068 221.93
139.967 238.373
123.411 246.984
131.371 249.274
139.673 250.524
148.439 248.702
156.052 246.349
82.0284 187.358
92.3999 181.46
103.417 182.273
111.707 192.119
100.718 193.702
90.1444 192.308
160.639 190.695
168.514 181.245
179.51 178.997
189.955 184.627
181.951 190.834
171.098 192.464
100.151 265.343
114.104 265.953
126.892 265.641
139.355 266.812
151.339 265.775
162.172 266.99
173.242 266.904
164.153 278.07
152.932 287.451
138.15 290.459
122.889 287.093
110.152 277.812
121.339 272.078
139.192 273.65
154.969 272.915
154.626 274.498
138.391 276.877
120.113 273.6
