55.7078 168.063
62.5559 164.214
70.504 162.086
78.4952 160.975
87.2443 162.034
138.615 150.052
148.337 144.064
159.676 140.947
170.931 140.562
181.911 142.412
118.711 181.208
120.548 192.35
122.229 203.046
124.051 214.44
114.067 231.141
121.985 232.355
130.8 232.219
139.933 228.438
147.563 224.036
69.4821 188.435
76.2476 179.398
86.2501 177.29
96.0482 184.087
88.0128 187.417
78.1843 189.921
144.756 173.997
151.312 163.084
161.522 161.248
171.556 165.995
164.175 171.031
154.474 173.636
110.175 256.722
116.351 249.222
124.464 243.499
134.736 243.179
146.576 239.109
159.204 240.566
172.208 243.206
166.264 254.7
155.853 262.803
141.721 268.227
128.786 268.707
118.192 264.718
122.93 251.336
136.128 249.767
153.208 245.418
155.894 252.923
138.771 259.846
124.652 259.854
