84.0116 142.486
95.0381 140.527
106.029 142.777
116.148 147.688
125.59 154.469
164.28 165.368
174.844 164.805
185.286 165.682
195.336 167.636
204.675 171.849
140.766 186.097
137.997 200.993
135.437 215.535
132.836 230.197
114.226 231.382
120.952 236.438
129.176 239.915
138.5 240.686
147.082 239.275
93.3042 172.399
103.029 168.211
112.402 171.658
117.504 181.077
108.289 180.916
100.028 177.916
161.668 192.433
170.057 185.652
179.825 186.133
186.77 194.257
179.159 196.714
170.393 195.924
91.2669 238.953
102.76 241.899
114.177 245.023
125.428 248.728
136.648 250.066
146.94 252.83
157.042 254.822
147.792 266.018
135.679 272.981
120.715 272.625
105.833 265.969
96.1675 253.958
110.894 249.097
124.457 253.864
137.569 255.334
137.583 263.444
122.467 263.886
107.775 256.818
