72.1152 171.731
82.8637 166.48
95.3494 164.862
107.676 165.956
118.914 169.805
164.481 170.927
174.149 167.112
184.843 166.197
195.403 167.064
204.602 172.076
142.631 192.278
143.231 208.423
144.235 224.736
144.87 241.584
126.802 254.713
134.331 257.376
142.744 258.586
150.163 257.058
156.713 254.29
85.8247 198.024
95.8693 194.216
106.311 194.066
115.085 199.666
105.768 202.979
95.1858 202.855
164.707 200.203
172.739 194.858
182.018 194.412
191.098 197.89
182.378 202.926
172.809 203.204
112.631 282.428
121.122 275.062
131.221 270.117
142.464 270.96
153.587 269.61
164.075 274.082
170.64 282.425
163.037 291.425
153.913 297.979
141.804 300.526
129.815 298.622
119.798 291.852
129.495 278.785
141.813 280.282
153.685 279.026
153.562 284.421
141.516 286.275
129.288 284.729
