65.1244 115.305
73.7515 110.408
84.8573 112.176
95.392 115.829
105.449 120.386
152.948 116.137
164.118 111.66
175.863 108.629
187.754 107.102
199.886 110.822
128.913 151.8
129.616 166.631
130.35 181.786
131.18 196.436
116.708 203.835
124.229 206.871
133.549 207.992
142.56 205.623
150.891 201.481
75.6841 143.28
85.6576 137.197
98.3012 138.126
108.142 149.614
96.5832 151.105
84.1048 150.052
153.447 147.806
163.218 135.789
176.407 133.953
188.707 139.191
179.647 146.673
166.53 149.2
108.894 221.532
118.081 220.908
126.458 219.273
136.078 219.476
145.84 217.418
154.939 217.291
166.29 215.756
159.647 228.33
152.062 237.35
139.126 241.441
126.044 238.847
117.709 231.289
125.978 222.168
136.879 223.817
148.78 220.379
150.253 228.164
138.505 233.872
126.628 230.098
