55.5845 170.334
66.732 161.13
80.9222 155.484
96.387 154.619
111.78 156.62
151.378 150.351
160.5 144.673
170.586 141.447
179.952 140.882
187.542 146.267
134.026 177.715
136.868 193.573
139.978 208.964
142.784 225.063
119.483 235.433
130.037 236.742
139.44 237.134
148.098 234.051
155.049 229.797
74.3005 187.844
84.7457 180.681
97.2534 178.993
107.774 185.274
97.9379 190.475
86.1635 191.274
152.259 178.598
159.644 169.209
170.582 165.841
179.544 169.362
173.893 177.238
163.363 179.741
96.0553 260.746
110.882 257.596
123.834 253.32
137.579 251.989
145.726 248.201
153.354 247.331
159.475 248.054
155.375 262.356
150.252 275.436
137.681 282.686
120.626 282.097
106.607 272.696
119.791 259.892
137.279 257.663
148.148 254.027
148.431 264.575
136.179 272.469
117.568 272.614
