63.0295 107.796
69.4945 103.063
78.5071 101.74
87.5178 102.425
96.1705 105.671
139.569 96.6036
150.238 90.497
161.974 86.4571
174.392 84.4678
185.606 87.2896
121.438 119.687
121.891 131.942
122.623 144.488
123.537 157.03
116.793 168.488
122.897 170.13
130.069 169.962
137.569 167.216
144.583 163.074
75.1403 128.915
82.8228 122.603
94.1337 121.785
105.315 127.697
94.5005 131.833
83.5823 132.578
147.521 118.068
154.965 109.43
166.204 107.104
177.771 110.407
168.68 116.658
157.633 119.16
112.046 192.629
117.322 185.936
125.476 182.011
134.976 181.382
148.41 178.485
162.669 177.998
177.94 180.041
169.855 194.008
158.288 205.206
142.497 211.97
128.704 211.719
118.902 204.043
125.308 190.893
137.108 188.874
155.322 184.738
158.91 194.363
139.817 201.127
126.154 200.888
