50.6712 173.535
63.5856 162.832
80.7011 158.149
99.1928 157.685
117.176 160.508
149.411 156.122
161.611 149.734
174.701 145.7
187.703 144.353
197.569 151.203
135.911 178.537
138.749 194.916
141.854 210.811
144.937 227.09
123 236.934
132.481 239.88
143.848 240.246
152.506 237.847
158.605 233.339
73.1913 188.636
83.9759 183.385
96.2016 181.92
106.891 187.559
96.2329 191.582
84.4737 192.471
152.758 181.475
162.214 173.182
173.697 171.531
183.804 176.511
175.265 181.553
164.069 182.889
105.154 265.368
117.424 260.723
129.308 255.523
142.846 256.053
152.408 252.98
162.019 254.772
170.914 258.344
164.547 266.662
155.696 271.747
144.195 274.346
129.687 273.624
117.199 270.679
126.796 263.857
142.661 262.78
155.061 260.54
155.389 261.591
142.98 264.105
126.709 264.338
