63.8156 154.638
73.913 148.346
86.4381 147.123
98.4611 147.797
110.195 150.763
148.832 147.554
160.083 142.086
172.581 138.954
184.995 139.087
194.687 143.988
131.482 180.17
132.539 194.599
133.673 208.967
134.311 223.185
116.412 233.257
124.38 235.281
132.575 236.432
141.212 235
149.039 232.692
76.4195 178.935
86.8969 173.127
98.3285 172.242
107.361 179.608
98.0814 182.731
87.3524 181.933
155.512 175.547
164.183 168.973
174.736 167.335
184.693 171.02
176.374 176.346
165.922 177.284
100.633 255.772
111.153 251.89
121.644 248.553
133.269 249.209
142.496 247.362
151.663 248.975
162.189 251.418
155.046 260.284
145.362 266.16
134.203 268.205
121.081 267.687
109.506 262.979
120.743 256.238
133.332 256.162
144.051 254.759
144.362 255.991
133.716 256.691
120.926 256.538
