66.3519 167.658
74.5813 160.128
86.5026 157.39
98.4165 157.462
109.611 160.826
153.883 159.468
164.92 155.617
176.355 154.155
187.303 154.892
196.379 159.696
132.651 188.468
133.005 202.446
133.424 215.349
134.023 228.052
116.982 233.742
125.821 237.553
135.237 239.095
144.541 236.925
153.269 232.507
81.9144 187.093
90.319 182.575
99.9243 182.042
108.752 187.362
99.9143 187.635
90.7451 187.309
158.314 184.349
166.375 177.989
175.683 177
184.068 180.869
175.816 181.858
167.154 183.474
98.4794 260.613
107.607 251.619
121.458 249.12
134.916 250.319
149.105 247.431
163.315 248.2
173.849 255.25
165.792 270.972
152.529 282.057
135.247 286.173
119.117 284.352
105.83 274.79
118.322 255.629
135.217 256.31
152.801 253.665
155.644 270.333
135.007 275.595
116.169 272.4
