74.1051 164.644
82.2897 159.639
92.2305 157.614
102.121 157.081
112.177 157.945
154.646 157.051
164.78 157.01
174.298 157.615
183.859 159.522
191.711 163.871
132.694 181.316
132.741 193.544
132.71 205.919
132.834 218.176
115.837 228.622
124.014 230.585
133.073 231.845
141.588 230.615
149.399 229.011
85.6761 183.068
94.0193 176.95
104.219 177.389
112 184.465
103.052 186.263
93.8088 185.506
153.911 185.138
161.857 177.801
171.95 177.677
180.88 183.785
172.197 186.342
162.793 186.806
102.034 253.876
110.753 246.972
121.628 242.875
133.071 242.914
143.938 242.9
154.385 246.618
163.524 252.455
156.324 262.668
145.828 269.65
132.778 271.997
119.76 270.456
108.847 264.081
118.832 251.563
133.008 251.063
146.539 251.333
147.282 258.94
132.912 260.766
118.379 259.695
