64.4023 131.773
74.2325 123.762
86.93 120.25
100.277 121.079
113.807 123.867
156.697 124.179
168.195 120.645
180.511 119.471
192.431 123.421
200.431 132.832
134.457 150.07
134.38 162.933
134.593 175.805
134.734 189.006
121.228 200.958
127.713 201.318
134.44 201.613
141.445 201.581
147.683 201.275
77.7584 147.841
89.249 141.062
101.13 142.585
109.439 151.586
98.9218 154.113
86.9686 153.188
155.954 151.519
164.655 142.352
176.627 141.19
186.255 148.172
178.499 153.418
166.883 154.204
101.817 225.346
111.762 219.208
122.394 215.656
133.735 216.505
143.878 215.085
152.918 218.785
160.668 225.576
152.272 232.329
142.087 236.612
131.202 238.337
120.065 236.84
109.602 232.908
118.71 223.544
132.788 225.184
144.761 223.717
144.335 227.1
131.571 228.37
117.543 227.002
