74.5753 148.796
86.3301 144.907
98.8139 146.472
110.874 150.997
121.988 157.107
153.508 163.331
165.698 159.66
178.077 158.32
189.823 159.952
198.047 167.398
135.807 185.229
134.709 198.827
133.543 212.342
132.71 226.151
115.376 235.159
122.303 236.951
129.871 238.368
136.201 238.879
141.426 239.293
83.0756 173.952
93.8761 171.444
104.697 173.108
112.413 182.519
101.594 182.326
91.3433 180.158
153.52 188.469
163.128 181.679
174.281 181.418
182.648 186.589
174.135 191.006
163.464 191.146
94.0324 254.452
104.504 253.615
114.76 253.288
125.906 254.803
134.995 255.248
142.492 258.164
149.251 261.386
141.28 267.039
132.986 269.528
122.767 269.67
112.038 266.564
102.854 261.861
111.365 257.127
124.919 260.173
135.934 260.437
135.181 262.276
124.088 261.765
110.624 258.585
