60.655 172.806
69.832 166.539
80.6743 163.36
92.249 163.305
103.265 166.305
134.826 158.016
145.132 151.162
156.368 146.724
168.553 145.319
179.154 149.281
123.969 183.549
125.837 194.809
127.363 206.181
128.649 217.309
119.293 235.824
125.957 235.596
133.056 235.067
140.324 232.742
146.049 230.474
77.5666 195.438
84.779 188.957
95.0865 187.553
104.47 192.711
96.1418 196.514
86.162 197.756
146.416 182.811
152.27 174.42
162.631 171.78
172.597 176.201
165.213 181.128
155.733 183.289
105.435 264.361
114.193 256.952
123.774 251.749
134.402 250.966
146.04 248.252
156.85 248.902
167.502 252.531
159.829 262.111
150.251 269.053
137.839 273.171
125.757 273.512
114.693 270.622
124.705 260.529
136.236 259.34
148 256.304
148.926 260.059
137.065 263.09
124.721 263.592
