63.4732 125.08
73.2669 115.237
87.1049 110.34
102.097 112.914
115.257 121.42
156.374 123.05
168.423 117.932
181.649 115.721
194.291 119.304
202.583 129.115
134.203 144.763
134.034 159.291
133.867 173.676
133.581 188.12
115.2 200.326
123.801 202.593
132.79 203.198
140.314 203.275
147.195 201.535
74.0224 145.978
85.7453 142.712
97.9366 143.596
107.692 150.452
96.1503 153.306
84.0699 152.638
157.238 153.179
167.74 147.657
179.508 147.975
190.255 153.364
179.89 157.733
168.37 157.519
95.7969 227.205
107.569 223.291
119.114 219.579
131.121 221.82
142.169 220.627
152.325 226.184
161.767 232.357
152.644 239.707
141.912 245.052
129.003 246.101
115.737 243.4
105.161 236.29
115.16 227.459
130.329 228.858
144.203 229.354
144.384 232
130.245 232.303
115.001 229.881
