67.747 163.448
78.2608 158.016
90.3621 158.104
102.018 161.045
113.213 166.494
140.827 160.669
153.181 152.485
166.788 147.03
180.887 147.48
191.192 154.528
128.51 187.813
128.762 199.179
128.992 210.376
129.307 221.114
118.558 237.294
124.296 238.294
131.115 237.868
139.308 236.356
145.851 233.797
80.2387 189.152
88.041 182.945
97.6995 183.615
106.321 190.353
97.5084 192.147
88.4954 192.133
152.946 184.422
159.086 174.456
168.743 172.778
178.602 177.358
171.232 182.418
162.282 184.406
106.516 259.086
115.421 254.367
124.364 251.64
134.462 251.329
146.117 249.236
157.251 251.123
168.791 254.615
159.36 262.267
149.019 268.634
137.284 271.814
125.819 270.47
115.415 266.136
125.838 259.147
135.416 258.741
146.604 256.303
147.063 257.683
135.107 260.252
125.002 260.522
