59.3245 161.812
70.6174 156.871
84.1541 156.71
97.3174 160.909
108.688 167.103
158.681 165.24
170.617 159.114
184.444 155.733
197.754 156.131
208.232 162.71
134.723 186.004
134.776 203.472
134.878 221.087
134.697 238.742
115.648 244.609
124.671 247.172
135.508 249.107
146.094 247.54
154.43 245.702
76.4381 186.168
87.1529 180.44
99.9249 181.437
109.689 191.589
97.4492 191.899
85.4665 190.881
159.95 190.806
170.141 180.429
182.758 178.62
193.307 183.613
185.371 189.376
173.261 190.615
97.595 258.315
110.366 259.507
122.401 261.516
134.934 263.263
148.959 262.486
161.215 260.889
173.484 259.541
164.439 274.948
152.97 286.293
135.691 289.602
118.653 285.161
107.66 272.908
119.819 264.905
134.451 268.537
151.338 265.597
153.28 273.354
135.332 278.893
118.575 271.609
