58.4862 173.881
66.8666 164.854
79.6985 162.188
93.0961 163.893
105.596 168.443
142.2 161.772
152.587 153.405
163.91 147.12
176.543 144.647
188.472 146.914
126.973 185.923
128.694 201.327
130.007 216.214
131.148 231.377
121.779 245.5
127.091 246.006
133.843 245.593
142.401 243.253
150.79 239.972
76.9383 197.279
85.1 189.421
96.89 187.884
107.774 194.812
97.9003 198.428
86.7403 199.854
151.697 186.852
159.131 175.575
170.828 172.486
181.878 176.496
173.301 182.759
162.727 185.577
115.128 272.262
120.375 266.59
127.826 261.637
137.217 261.93
149.347 257.918
162.482 258.515
175.603 260.229
167.439 270.507
155.973 278.453
142.804 283.435
131.825 283.502
122.832 278.96
129.572 269.59
140.055 268.565
154.681 264.352
155.885 269.01
141.159 273.179
130.353 273.08
