76.677 149.94
86.3259 145.942
97.2345 144.641
108.626 146.024
119.658 150.758
153.567 153.222
162.328 149.383
171.681 147.98
180.407 148.248
187.514 152.397
136.108 170.519
136.548 184.857
137.364 198.44
138.143 212.129
119.396 215.439
127.126 219.142
136.182 221.597
144.184 219.97
151.298 217.094
89.3554 169.557
98.0324 165.514
107.836 166.114
115.45 173.319
106.25 172.751
97.3128 171.988
153.412 174.405
161.349 167.558
170.888 166.739
178.626 170.873
171.423 174.011
162.401 174.706
98.605 229.634
109.839 226.811
122.242 228.224
135.327 230.127
145.851 229.113
155.031 228.52
161.937 231.461
155.004 244.309
146.681 254.086
132.066 257.395
116.563 252.031
106.236 241.732
119.004 230.826
134.723 234.597
147.72 232.09
148.7 243.198
132.814 248.79
115.454 242.362
