61.0113 173.706
71.1762 166.564
83.8377 165.589
96.5366 165.909
110.206 167.758
151.855 160.832
160.801 157.337
170.567 154.722
181.077 152.438
191.701 154.194
134.459 188.557
136.12 201.868
137.765 214.883
139.024 228.014
124.469 237.636
132.027 237.064
139.797 236.673
146.199 235.412
151.619 236.062
77.0285 193.774
85.7535 184.933
98.5087 183.901
108.541 192.49
98.0766 196.367
86.8326 196.248
155.937 187.666
163.353 176.234
175.366 173.287
185.693 179.327
178.428 186.627
167.395 188.681
107.314 264.061
116.431 257.171
126.804 254.533
137.684 254.992
148.477 252.997
159.599 253.976
168.767 260.077
162.604 270.935
153.524 279.929
139.233 284.855
124.638 283.384
113.425 275.8
124.143 260.128
138.033 260.808
151.429 258.807
152.841 269.608
137.896 275.337
122.655 272.567
