73.901 82.6771
88.1249 77.2591
103.624 76.6792
119.87 80.2666
134.541 85.9047
198.564 88.2967
209.094 83.5291
219.89 82.1669
230.749 82.9308
239.932 87.5158
164.933 126.627
164.237 150.287
163.298 173.6
161.932 197.403
135.902 207.599
147.139 212.223
158.941 215.062
171.329 213.405
182.18 210.171
84.9238 121.313
99.4882 114.027
115.69 115.326
128.407 126.236
113.25 129.845
97.2206 128.883
193.237 131.78
205.534 120.965
220.267 119.182
232.074 127.383
220.354 134.536
206.078 135.53
115.363 232.035
129.98 230.359
145.354 229.742
159.771 232.17
171.529 232.068
183.29 233.128
192.818 237.741
183.252 243.566
171.448 247.442
158.32 247.995
142.402 245.161
128.464 239.524
139.601 237.299
158.469 240.258
174.454 239.316
176.317 238.561
158.992 238.426
139.8 235.742
