65.0735 188.696
71.737 177.602
83.5043 171.862
96.8768 169.904
110.472 171.65
146.307 162.199
156.041 156.023
167.264 152.302
178.676 151.527
188.544 156.249
132.902 186.785
136.912 201.77
140.727 216.503
144.541 231.41
128.227 242.972
137.252 244.37
146.948 244.059
155.137 240.242
161.965 235.434
85.5631 198.301
92.5533 190.802
103.043 188.053
113.351 192.895
103.98 196.423
94.4692 198.337
149.673 185.311
157.406 177.553
167.863 175.203
177.734 178.653
169.35 182.761
159.42 185.054
108.223 260.884
120.805 256.608
134.35 254.43
148.24 254.181
160.484 249.012
173.561 246.216
185.957 246.067
180.943 262.17
171.005 275.385
155.299 282.141
136.682 282.224
120.856 273.669
131.389 260.837
149.739 259.979
165.666 254.151
169.656 264.941
152.456 272.374
132.533 272.29
