73.1893 126.613
82.7602 124.604
92.3091 124.771
101.408 126.481
110.092 130.157
149.206 130.511
159.236 127.688
169.17 127.051
179.117 128.962
187.509 133.161
128.952 151.781
129.4 166.06
129.644 180.869
129.94 195.036
113.595 200.397
121.753 203.48
130.219 205.311
138.758 203.711
146.055 200.987
82.0624 149.171
91.5691 144.739
102.477 146.565
110.117 155.021
99.8123 153.954
90.5729 152.46
150.223 156.435
158.399 149.315
168.774 147.861
177.55 153.217
169.502 156.135
160.247 156.538
96.4232 212.575
107.799 212.378
118.64 213.137
130.276 213.109
142.054 213.467
152.301 213.104
162.734 214.789
155.532 226.646
145.507 235.533
130.835 238.34
115.578 234.831
104.447 225.783
114.915 216.41
129.926 218.269
145.119 216.785
146.829 225.186
130.632 228.921
113.393 224.572
