66.5213 173.915
75.2827 167.317
87.1344 164.378
99.2125 164.813
110.555 167.739
148.539 162.293
159.876 156.471
172.404 153.137
185.102 153.071
196.196 158.377
131.426 190.206
133.112 201.524
135.119 212.069
136.646 222.852
122.583 234.615
131.191 235.705
139.706 235.482
148.05 232.822
154.904 229.493
83.0772 191.988
90.8332 185.581
101.787 184.752
110.007 191.929
101.535 194.811
91.677 194.935
157.693 185.525
163.7 176.842
173.816 174.989
183.025 178.854
175.451 184.01
166.36 185.875
110.737 261.226
119.647 254.096
131.099 249.614
143.18 249.027
154.827 245.323
165.961 244.997
176.398 246.481
171.721 260.554
162.65 272.848
147.847 278.75
132.989 278.9
119.909 272.355
127.794 256.997
143.531 255.035
159.6 250.556
162.723 261.61
146.002 268.615
128.73 268.628
