72.6332 156.203
84.638 151.496
98.4653 152.835
111.348 156.695
123.361 162.278
159.129 167.325
170.043 165.94
180.617 166.845
190.93 170.082
198.095 177.365
137.212 185.701
135.503 199.553
133.889 213.101
132.1 227.536
114.357 231.496
121.081 234.873
127.984 237.567
134.785 237.786
140.899 236.917
82.4849 177.802
93.6276 174.017
104.8 176.353
112.441 185.155
102.3 184.704
91.7456 182.395
154.619 192.892
164.877 187.817
175.45 188.88
182.561 196.111
174.171 197.975
164.228 195.946
87.4296 243.9
99.4453 244.921
111.933 246.248
124.548 249.47
135.007 250.416
144.463 253.455
152.753 256.714
144.302 266.954
133.383 273.073
119.6 272.701
104.86 267.614
94.1286 256.911
106.314 251.142
123.186 255.278
137.371 257.259
136.501 263.637
121.227 263.862
104.312 258.046
