70.8065 125.072
79.8486 116.66
92.9991 114.035
106.171 115.66
118.582 120.173
179.88 121.11
193.669 117.055
207.791 115.411
221.845 118.936
231.937 128.521
149.888 156.185
149.681 172.099
149.767 187.61
149.835 202.932
133.007 215.485
141.154 217.044
150.268 217.877
159.468 217.408
167.537 215.704
93.5119 152.985
103.275 146.711
114.32 147.318
123.365 155.851
113.128 158.661
102.835 158.046
178.507 157.154
188.277 148.473
199.161 147.866
208.621 155.817
199.46 160.508
189.222 160.389
117.108 242.114
127.882 236.126
138.705 232.731
149.528 234.923
160.757 233.145
171.117 237.034
181.879 242.076
173.551 252.467
162.869 259.932
149.744 261.69
136.622 259.334
125.17 252.277
139.614 243.504
149.396 245.576
158.418 244.273
158.521 244.88
149.425 246.226
139.629 244.647
