66.8221 172.521
75.5035 165.741
85.8822 162.16
96.6324 161.625
107.249 163.288
150.255 163.188
160.129 159.909
170.567 159.968
180.759 162.721
189.222 168.548
129.025 186.066
129.966 200.464
131.21 214.662
132.542 229.425
117.425 240.751
124.372 242.11
132.326 242.383
139.655 241.167
146.448 238.915
79.8128 192.285
88.439 186.615
99.1528 186.528
107.355 192.948
98.8733 195.573
88.9717 195.373
151.614 191.605
158.924 184.513
168.83 183.527
177.728 188.637
169.548 192.46
160.059 193.465
100.806 260.318
112.078 258.89
123.132 257.195
134.927 257.414
145.666 255.507
156.144 255.325
166.173 255.561
157.464 264.799
147.682 272.4
134.949 275.986
121.576 274.859
110.225 268.725
120.656 263.759
134.533 264.305
148.662 261.228
148.844 262.338
134.367 265.533
120.296 265.194
