47.8277 94.841
62.381 88.7446
78.9648 89.1254
94.5309 93.2916
109.085 99.4329
155.334 97.4013
170.135 90.102
186.416 86.9307
202.27 89.4412
213.126 99.611
132.052 133.42
132.365 152.916
131.926 171.791
131.397 190.896
109.647 200.15
119.518 204.171
130.449 206.22
141.491 203.52
150.706 199.651
68.9002 127.804
80.6035 120.765
93.1083 122.839
102.409 133.077
90.1978 137.079
77.4296 136.013
158.986 130.704
169.074 120.425
181.834 118.724
193.106 125.377
183.408 132.864
171.024 134.207
91.3527 220.233
105.354 224.654
117.725 224.357
129.787 227.143
142.308 223.643
155.274 223.652
168.273 219.686
157.763 233.303
146.055 243.656
130.11 248.589
113.893 244.217
102.662 233.61
113.996 231.789
129.463 234.819
146.592 231.543
146.686 232.259
129.855 237.147
113.03 232.081
