66.6859 124.203
74.6134 116.46
85.2157 112.745
96.3569 111.33
107.877 112.228
145.233 105.399
156.325 99.9036
167.902 96.4041
180.23 95.0567
192.15 96.9535
130.87 132.452
133.184 146.601
134.959 160.416
136.596 174.224
126.372 190.109
133.458 191.515
141.673 191.067
149.753 187.868
156.775 183.393
84.2413 142.445
91.3216 134.596
102.242 132.816
111.522 139.519
102.953 144.25
92.6804 145.652
155.693 129.493
161.985 119.706
172.591 116.538
182.702 120.958
175.676 127.56
165.662 129.967
117.14 216.704
124.596 209.727
133.334 204.874
143.87 204.389
154.76 200.932
165.689 202.101
176.587 206.944
168.81 216.426
159.699 224.351
147.753 228.266
135.921 228.074
125.811 223.765
133.825 215.36
145.602 214.837
158.519 211.114
158.961 212.176
145.692 215.914
133.789 216.567
