70.0417 161.326
80.5461 157.225
91.2733 156.261
101.659 156.789
111.645 158.456
158.958 159.379
168.841 158.658
178.874 158.581
188.974 159.563
197.675 163.819
134.38 185.42
134.853 196.917
135.074 207.945
135.012 218.623
121.183 230.212
127.42 230.374
134.469 231.193
140.956 231.015
146.26 230.861
87.3085 181.333
95.7576 176.571
104.371 177.017
110.626 184.46
102.925 186.14
94.9207 185.519
156.542 185.983
163.555 178.897
172.439 178.597
180.523 184.952
172.736 188.628
164.376 188.703
104.086 256.006
112.918 249.025
123.047 246.161
133.599 246.652
143.411 246.623
152.086 250.948
158.114 258.947
153.069 268.091
142.955 272.269
131.685 272.156
120.238 270.131
110.002 264.779
123.393 254.374
133.276 255.156
141.911 255.369
142.875 262.182
132.447 261.813
121.324 260.331
