65.8154 147.068
74.8989 142.804
84.5503 142.364
94.6985 142.18
103.568 144.95
148.027 138.719
157.861 134.432
168.204 132.996
178.845 132.2
188.809 135.035
129.536 168.272
131.023 186.127
132.381 203.367
133.69 220.02
118.724 231.14
126.731 232.286
135.18 232.522
144.156 230.268
151.375 227.7
77.772 169.973
86.9709 163.925
98.5684 164.585
107.83 173.611
97.4316 176.95
86.3908 176.508
151.121 168.582
158.818 158.298
170.349 155.872
180.916 160.979
173.504 169.027
162.415 170.528
105.08 251.575
115.475 248.447
125.058 245.71
135.426 246.46
145.693 244.137
155.779 245.545
167.471 246.229
159.155 255.947
150.121 264.505
138.004 267.735
124.878 266.861
114.255 260.764
124.427 254.372
136.567 254.872
147.108 252.396
147.691 253.079
137.051 255.192
124.185 254.734
