76.8023 162.372
89.7256 157.853
102.8 158.047
115.937 162.002
128.858 166.73
167.569 165.908
177.27 162.946
187.055 161.678
196.815 161.69
205.037 166.206
146.683 188.984
148.111 204.124
149.786 218.418
151.676 233.784
130.775 246.361
137.387 250.051
145.104 251.898
153.299 250.997
159.208 248.554
90.3705 186.619
101.385 180.88
112.807 181.167
121.172 190.597
110.524 192.257
99.5539 191.813
161.476 192.823
169.887 183.342
181.062 182.134
189.821 187.582
182.145 192.188
171.581 193.553
102.213 264.93
118.211 267.171
131.465 267.393
145.135 267.441
155.467 266.547
163.645 265.896
170.812 265.538
164.336 274.861
156.323 281.205
144.236 284.437
128.143 281.661
115.059 274.393
128.869 273.154
144.843 274.823
156.372 273.215
156.106 273.605
144.542 275.534
128.097 273.555
