67.1451 94.4046
78.9647 87.4286
92.8639 86.0007
106.342 88.6408
118.78 94.1342
155.152 94.6783
165.352 89.398
176.473 85.9097
188.147 86.7331
198.073 92.4711
137.594 115.333
139.666 129.536
141.78 142.935
143.777 156.786
123.86 165.507
132.989 168.041
141.94 168.771
150.972 166.485
158.466 162.493
85.7174 115.794
95.9635 111.467
106.023 111.868
113.746 118.299
104.497 120.332
95.2263 119.529
158.01 117.386
165.683 110.785
174.779 109.504
182.532 113.022
175.196 117.341
167.09 118.607
102.696 181.2
115.632 180.539
128.585 180.402
141.305 180.556
151.532 178.634
160.748 176.856
170.02 174.296
164.106 187.09
154.975 196.081
141.689 199.326
126.307 197.29
113.354 190.549
123.696 184.819
141.089 185.639
154.554 182.245
155.115 186.655
141.264 191.072
123.542 189.176
