69.534 166.042
78.9048 161.467
90.2613 161.595
101.805 163.825
112.88 167.507
151.683 167.065
162.432 164.72
173.297 163.854
183.62 164.204
192.231 168.739
132.345 182.547
132.776 197.818
132.711 212.647
132.475 227.719
119.434 237.758
125.209 238.865
131.882 239.395
139.927 238.204
146.777 236.394
80.985 186.012
91.7245 178.964
104.861 181.059
113.921 191.024
102.48 192.909
89.683 192.206
153.042 191.762
162.614 182.269
175.742 180.925
187.039 187.888
177.449 194.25
164.684 194.318
105.63 256.17
113.47 253.132
122.697 252.314
132.613 253.137
143.448 251.952
154.365 252.99
164.246 256.718
156.396 265.474
145.92 271.957
132.777 274.7
120.404 272.228
111.358 266.248
121.063 257.34
132.96 258.977
146.097 257.663
147.231 265.07
132.537 267.472
119.549 264.759
