66.1483 116.814
75.3985 110.117
87.3177 110.304
98.0258 113.224
107.11 119.611
153.586 117.756
164.823 113.652
177.067 112.739
188.956 115.243
199.098 121.618
130.595 145.096
129.099 158.672
127.448 172.558
126.369 186.368
113.909 201.171
119.594 202.479
126.578 202.883
134.792 202.733
142.444 200.854
79.5607 143.371
88.6448 136.033
100.588 136.696
108.445 146.374
98.1574 149.31
87.5348 148.385
155.821 146.839
163.901 137.687
175.549 136.992
186.809 143.867
176.577 149.13
165.783 149.754
98.9019 227.656
107.842 224.402
117.132 221.445
126.705 223.328
138.122 221.763
149.383 225.329
159.772 229.536
151.236 238.267
140.465 245.19
127.328 247.787
115.073 244.684
105.531 237.479
115.377 230.301
127.043 231.293
140.306 230.645
140.896 232.79
126.987 234.399
114.478 232.407
