68.273 161.261
77.0119 155.625
87.3282 154.199
97.8883 155.806
107.542 159.888
153.661 159.862
165.635 154.819
178.258 153.357
190.925 155.224
200.349 162.748
133.736 186.808
134.686 201.909
135.601 216.839
136.606 230.989
121.08 239.199
127.253 239.375
134.811 239.691
142.13 239.452
148.717 239.019
80.5983 183.005
90.612 176.369
102.473 177.314
112.32 186.543
100.532 188.52
89.477 187.469
155.561 185.499
164.84 175.698
176.5 174.459
187.129 180.886
177.99 185.702
167.134 187.107
103.947 260.776
112.766 256.423
123.366 253.886
134.755 255.005
146.269 253.454
156.868 256.032
166.672 260.093
159.839 273.181
149.827 283.478
135.141 287.266
120.795 283.944
110.243 274.004
122.51 261.054
135.047 262.899
147.779 260.667
150.444 273.169
134.992 278.064
120.294 273.137
