77.3986 191.285
88.2942 185.878
101.821 184.336
114.513 185.006
127.177 187.264
177.914 186.031
190.124 183.634
201.818 183.596
214.414 184.537
224.778 190.272
152.091 218.73
152.495 235.124
153.03 250.338
153.381 265.593
134.941 272.889
143.789 276.1
152.857 277.728
161.347 276.121
169.551 272.866
91.7688 218.953
103.559 212.763
115.766 213.873
125.231 221.325
114.553 225.01
102.56 224.197
177.806 220.796
187.559 212.7
199.598 212.021
209.672 218.05
200.036 223.198
188.402 224.321
114.232 297.266
125.327 291.122
139.383 289.981
153.284 291.586
166.335 289.047
178.346 289.22
186.878 294.587
182.29 312.56
170.679 326.414
151.732 331.427
132.901 328.468
119.82 315.458
133.927 295.246
152.132 296.784
169.927 294.187
173.094 316.666
151.837 324.307
130.644 318.812
