76.2645 170.382
86.0965 164.76
97.2248 164.206
108.564 166.146
119.874 170.098
151.021 171.882
161.488 167.358
172.277 164.487
183.372 165.337
192.439 171.104
135.971 191.465
136.027 203.244
136.132 215.174
136.198 227.37
120.306 236.021
127.933 238.247
136.557 239.629
144.386 238.442
151.803 236.284
86.2614 190.786
95.1426 183.04
106.314 183.8
114.631 192.627
104.98 196.505
94.4757 195.786
153.966 193.857
162.263 185.434
173.758 184.342
182.936 192.188
174.2 196.85
164.016 197.316
102.7 257.986
112.819 252.707
124.637 250.652
136.785 250.499
147.425 249.637
158.045 251.56
167.546 255.994
160.657 268.516
150.087 277.505
135.182 280.607
120.706 277.847
110.04 269.232
120.687 256.616
136.146 257.486
151.735 256.307
152.724 267.453
135.477 270.659
118.648 268.239
