71.7956 129.402
82.4637 120.096
96.1162 115.672
110.827 115.249
124.846 119.006
162.198 120.193
170.053 118.225
178.03 117.121
186.661 117.427
194.273 121.031
145.146 150.587
147.893 163.815
150.844 176.75
153.422 189.005
131.996 205.718
140.368 208.215
149.484 208.394
156.275 207.283
162.378 203.95
86.0312 151.971
96.7178 144.964
108.153 144.185
115.438 152.137
106.506 154.718
96.4749 154.956
163.745 151.505
170.253 145.206
179.252 143.175
187.023 148.731
180.095 153.598
172.222 153.804
118.173 238.894
127.85 229.864
138.828 223.371
152.198 223.126
160.836 220.918
168.891 225.231
171.488 234.3
169.318 243.952
162.26 250.664
153.036 252.637
140.383 252.218
128.171 247.669
137.259 233.553
152.143 232.244
160.072 231.903
159.765 237.061
152.121 238.637
138.316 239.02
