68.5137 166.03
78.6743 161.159
90.3689 159.359
102.374 159.334
114.579 161.472
150.467 160.142
161.874 156.153
172.942 154.312
184.009 155.07
194.344 158.332
134.451 181.127
135.125 196.106
135.976 210.666
136.697 225.081
123.35 235.055
129.073 236.719
135.913 237.541
142.324 236.319
147.577 234.166
79.0554 182.869
88.8897 175.408
101.283 175.223
110.884 183.859
100.229 186.478
88.5931 186.712
153.254 181.191
161.601 172.336
173.422 171.759
183.337 177.684
174.418 182.096
163.512 182.951
103.834 253.045
114.452 251.14
124.852 250.558
135.635 251.785
144.227 250.072
153.152 250.53
161.473 252.133
154.165 260.563
145.628 266.468
134.842 269.237
122.303 267.596
111.672 262.035
123.236 256.578
135.539 257.825
144.847 256.285
144.753 257.339
135.088 259.313
122.599 257.872
