52.1448 149.983
63.3989 140.728
78.0234 137.007
92.3269 137.973
106.164 141.15
157.835 138.253
169.943 131.602
182.463 127.707
195.548 127.536
206.912 134.235
133.151 174.007
134.948 191.46
136.85 208.7
138.48 225.79
117.827 234.269
127.685 236.525
137.951 237.228
146.92 235.146
155.303 232.415
70.6582 172.934
83.6904 164.332
97.3617 164.249
107.477 175.478
95.5999 179.403
82.709 179.192
157.342 172.31
166.653 159.467
180.039 157.155
191.641 164.569
182.973 172.67
170.006 174.578
104.449 253.998
115.705 253.56
126.833 251.614
138.832 252.042
148.851 249.612
158.567 249.313
169.018 248.032
161.436 258.488
152.824 266.059
140.25 269.518
126.319 268.192
115.053 262.196
125.5 257.115
138.857 258.297
151.372 255.117
151.309 255.637
139.127 258.794
125.77 257.537
