78.9112 193.337
90.7792 183.69
105.681 178.398
121.793 177.518
137.189 179.851
180.311 173.016
190.961 167.215
201.687 164.394
212.615 164.712
222.17 169.554
162.947 205.25
167.528 221.928
171.983 238.833
176.441 255.678
153.866 266.238
163.899 267.768
174.569 267.641
182.577 264.755
188.421 260.264
100.486 214.774
111.275 205.717
125.464 205.049
137.905 214.87
125.637 219.05
111.605 219.392
182.99 207.537
191.31 195.217
204.515 191.871
215.36 197.717
207.394 205.868
194.876 208.851
121.022 287.044
138.889 283.172
155.875 280.809
172.473 279.819
184.456 277.216
195.309 276.075
205.194 275.86
198.33 292.347
189.819 306.786
173.056 314.093
152.195 312.545
134.108 302.21
149.173 287.382
172.165 285.733
187.684 281.665
189.577 295.721
171.761 304.867
146.756 302.277
