67.0922 122
77.6377 112.914
90.3402 107.41
103.547 105.93
116.916 107.912
152 104.434
162.555 101.109
173.951 100.155
184.13 104.158
191.531 112.217
137.438 123.683
139.319 134.868
141.455 145.822
143.699 156.865
127.701 172.578
134.806 174.718
142.99 175.511
149.565 174.553
154.765 172.592
83.4769 132.838
91.213 125.308
102.047 124.594
111.508 129.466
102.703 132.573
93.0583 133.935
154.508 127.377
162.667 120.412
173.522 120.617
182.693 126.814
173.664 129.242
163.575 129.327
109.684 201.348
120.137 194.836
131.587 190.487
143.618 191.888
153.495 190.724
162.322 195.813
169.647 203.791
163.926 211.283
155.527 216.412
144.53 217.824
130.918 215.694
119.006 209.971
129.149 199.744
143.629 199.824
155.251 200.21
154.747 204.249
143.7 206.136
129 203.937
