78.5646 154.839
87.7265 152.683
97.75 153.708
107.339 157.505
115.911 162.44
152.135 167.228
162.98 165.817
174.16 165.076
184.714 167.676
193.496 173.7
132.227 184.626
130.154 196.514
128.538 208.362
127.09 220.646
106.661 231.136
115.584 234.102
124.912 236.578
134.701 236.855
143.943 235.378
82.143 175.971
92.9333 173.034
103.126 174.576
111.258 181.349
101.375 181.303
91.5103 179.861
153.813 188.846
162.995 183.966
173.067 184.681
181.876 189.988
172.651 191.345
162.638 190.831
90.8971 252.918
101.134 248.354
112.205 246.647
123.628 249.075
135.839 248.997
147.093 253.452
156.859 259.842
145.759 266.395
133.712 270.046
120.782 269.867
109.115 267.334
99.1134 261.715
109.621 254.575
122.255 257.008
135.65 257.789
135.406 258.782
122.003 258.08
109.488 256.031
