67.6422 173.639
77.9079 167.647
89.539 165.992
101.73 166.922
113.688 169.413
149.197 166.113
160.972 162.479
173.613 161.093
185.225 163.351
194.524 169.994
131.758 187.311
131.887 202.948
131.907 218.107
131.687 232.947
118.144 239.322
124.413 240.683
131.828 241.75
139.898 240.495
146.938 238.504
81.2445 191.432
91.1681 184.14
102.475 185.338
110.993 195.162
100.615 195.738
90.2171 194.882
153.316 193.579
161.676 183.27
172.937 182.087
182.29 188.597
173.986 192.257
163.809 193.368
100.976 253.019
112.369 252.396
123.801 251.763
135.527 252.639
147.943 250.477
160.134 250.089
171.855 250.724
163.291 263.077
151.967 272.927
135.837 276.643
120.632 273.523
109.976 264.513
120.51 256.636
135.09 257.547
151.38 255.238
152.638 262.104
135.853 265.998
120.114 262.833
