69.1054 140.267
77.7796 133.385
88.0522 130.888
98.0122 130.481
109.061 130.953
149.443 127.765
160.67 125.688
171.329 124.237
182.374 125.237
191.177 131.068
131.992 157.582
132.946 172.352
133.753 187.318
134.602 201.75
121.591 211.922
128.013 213.565
135.141 213.641
143.205 211.488
149.353 208.008
85.7329 160.428
94.3185 152.696
104.8 152.756
112.532 162.024
103.658 163.894
93.7759 163.777
151.988 156.915
159.114 147.645
170.005 146.65
179.355 152.431
171.1 157.054
161.443 158.226
106.694 235.018
115.748 228.913
126.156 224.574
136.962 224.326
149.031 222.334
159.786 225.546
169.144 230.917
161.169 241.055
151.436 249.354
138.306 253.679
125.098 252.208
114.485 244.516
122.589 232.33
136.748 232.223
152.798 230.023
154.715 239.109
137.754 243.483
121.878 241.668
