87.8215 40.9007
98.8414 36.4545
111.797 37.4618
122.502 44.0749
130.992 52.9551
174.113 68.8581
184.637 68.2942
195.013 71.0186
203.55 77.5863
206.928 86.9097
143.316 88.1978
138.665 101.681
134.441 115.174
130.185 128.549
110.725 137.262
117.318 140.857
123.958 144.411
130.578 146.08
135.544 147.22
90.567 71.2254
103.374 68.1847
114.634 73.2728
119.866 85.1781
108.841 84.3233
98.0145 79.4168
160.233 100.859
171.65 95.5309
182.701 99.0075
189.355 109.391
179.469 111.146
168.774 107.52
83.4194 157.882
95.141 156.673
106.549 156.749
116.554 161.769
126.416 163.905
133.847 169.585
139.398 177.655
130.295 185.078
118.961 187.455
107.548 184.456
96.5497 178.787
88.1409 169.125
101.632 165.8
113.19 170.217
123.765 173.694
123.196 175.669
112.126 172.619
100.698 167.147
