61.7652 165.532
72.1201 157.386
85.087 153.864
99.1537 154.165
113.545 157.062
153.779 151.422
164.641 145.453
175.917 141.947
186.97 141.504
197.407 146.135
133.749 173.804
136.105 191.317
138.901 208.984
141.994 227.163
125.589 237.418
134.633 238.127
143.982 237.605
151.28 235.582
158.804 232.315
80.4933 186.41
90.0338 178.887
102.483 176.674
112.908 183.147
102.778 187.219
90.7686 188.867
157.358 175.731
166.288 165.694
178.371 163.333
190.719 167.827
181.057 173.306
168.931 175.655
110.604 261.689
123.159 257.904
134.246 252.656
146.497 251.98
156.281 247.55
165.97 247.533
176.9 247.025
169.485 259.845
161.302 269.677
148.658 274.692
134.675 275.087
122.075 269.615
131.471 261.064
147.347 259.569
160.87 254.47
161.886 256.444
147.482 261.818
131.465 263.009
