70.1871 145.124
84.7594 142.2
99.4163 143.508
113.582 148.52
125.549 156
160.241 160.328
172.031 157.387
183.233 157.462
192.896 160.325
200.074 167.272
139.568 180.425
139.756 194.242
139.824 207.225
139.519 221.038
116.26 230.981
125.006 234.412
134.651 237.521
142.746 236.727
149.172 235.248
80.5276 166.919
92.7933 161.809
105.577 165.371
112.471 178.156
100.77 177.993
89.6631 174.887
157.045 184.621
166.622 175.198
178.653 175.731
187.534 184.98
178.269 189.305
167.472 188.72
89.1008 252.573
104.081 248.53
117.777 247.179
131.295 249.094
142.64 249.245
152.848 252.729
160.233 258.619
154.265 274.182
143.2 285.384
127.158 287.353
110.138 281.655
97.6901 269.48
113.396 254.79
129.864 258.317
144.616 258.675
144.912 273.025
127.854 275.523
110.213 269.755
