66.1069 125.282
78.0896 119.592
92.5234 117.434
106.839 119.675
120.45 125.263
162.834 127.495
172.451 123.202
182.658 121.101
192.243 122.05
200 126.91
140.848 155.262
142.548 170.151
144.62 184.599
145.984 199.265
124.284 212.657
133.58 214.395
142.874 215.042
150.393 213.393
156.356 211.197
78.3928 151.722
90.7562 146.639
103.305 147.414
114.033 156.364
101.714 158.861
88.5956 157.932
156.773 157.734
166.477 149.951
178.553 149.24
189.684 154.036
181.52 160.935
168.861 161.231
103.637 238.143
115.725 233.971
128.365 231.369
141.819 232.116
150.422 230.561
158.449 232.558
163.365 236.991
158.377 246.684
149.973 253.748
138.559 255.911
124.292 254.425
112.015 247.884
123.483 239.969
139.976 240.286
150.652 239.356
150.77 241.44
139.031 243.087
122.346 242.51
