63.9295 166.103
75.3485 157.568
90.2842 153.978
105.319 155.439
120.63 158.932
158.963 161.13
166.476 156.725
174.313 154.718
182.141 155.382
188.376 158.612
141.476 185.274
144.792 197.282
148.888 208.811
152.456 221.017
132.917 237.265
140.461 239.316
148.215 240.087
154.208 238.957
158.174 237.405
81.1985 186.688
92.7778 179.932
104.522 180.226
113.447 188.055
102.977 190.667
91.9276 190.222
156.815 189.063
165.396 181.562
175.339 180.817
183 187.215
175.438 191.334
166.173 190.972
106.876 260.393
122.28 258.395
135.257 255.283
148.349 256.205
155.99 255.17
162.48 258.482
166.701 262.485
164.334 272.038
157.997 278.092
147.763 279.639
132.604 277.598
119.108 269.917
131.339 264.262
147.934 265.934
156.28 265.309
157.071 265.476
147.941 267.176
130.98 264.841
