65.4298 176.499
77.5374 170.002
91.0815 167.53
104.765 168.057
118.945 170.041
145.493 165.735
155.126 160.369
165.634 157.408
176.426 156.764
187.206 159.574
133.959 179.706
136.706 193.905
139.706 208.427
142.472 222.279
122.476 235.688
131.709 236.431
141.308 236.25
149.037 234.809
156.065 232.22
77.8885 190.255
86.84 184.868
96.54 183.186
106.509 186.11
97.3835 190.209
87.5478 191.394
151.368 182.949
160.231 177.071
170.14 176.218
178.521 180.806
170.775 184.365
160.993 184.723
104.607 265.873
114.823 258.487
126.419 253.574
139.413 253.385
149.308 252.931
158.726 255.662
166.934 262.6
159.933 270.739
150.994 276.813
139.751 279.026
127.154 277.815
115.736 272.63
124.704 262.447
139.101 262.281
150.154 261.019
150.796 263.498
139.149 266.263
124.558 265.835
