71.0657 161.009
81.2619 156.038
93.4837 156.001
105.317 159.593
117.079 165.135
160.259 169.18
172.6 166.085
184.416 163.841
196.597 164.768
205.858 170.418
136.394 186.219
134.789 202.154
133.285 218.221
131.815 234.387
115.314 237.417
122.792 241.725
131.83 244.309
141.329 242.901
149.497 240.04
86.0737 180.182
96.3378 175.202
107.399 177.039
115.4 186.412
104.832 188.355
94.1247 186.515
158.157 191.002
167.891 182.521
179.776 182.741
189.111 190.573
179.391 194.154
168.359 194.179
97.6711 252.553
108.354 252.235
119.468 252.149
131.158 253.151
142.546 253.659
152.808 255.472
162.58 256.186
155.073 268.279
144.171 276.847
128.884 278.879
113.96 275.074
103.932 265.462
117.987 257.563
130.875 259.906
142.717 259.411
142.854 264.641
129.855 267.05
116.794 263.478
