65.7552 167.677
73.1569 160.827
82.6798 157.806
92.9487 157.002
103.031 158.64
137.99 149.168
152.218 143.586
166.546 140.251
181.539 140.648
194.557 146.957
124.948 179.837
125.814 194.18
126.406 208.294
126.962 222.631
120.722 240.41
126.997 241.006
133.549 239.977
141.719 238.306
149.37 235.307
79.9641 191.555
87.5268 184.142
98.423 182.807
109.571 187.844
99.6643 192.035
89.3017 193.39
151.282 177.636
158.384 169.441
169.816 168.221
182.469 171.65
171.842 176.675
161.479 178.67
110.483 265.217
117.681 258.838
126.97 255.463
136.454 255.77
150.167 252.483
164.291 254.409
179.595 254.843
169.143 267.635
155.872 276.677
140.343 281.089
128.04 280.993
117.29 275.056
127.563 262.712
137.566 262.329
153.687 259.77
154.12 266.45
138.186 271.01
127.552 270.204
