84.3593 114.536
94.9225 113.201
106.82 115.977
118.944 120.936
129.318 129.514
173.767 136.762
186.689 132.98
200.372 131.025
214.055 131.349
225.644 136.429
148.535 158.433
144.918 177.414
141.192 196.453
137.988 214.435
116.472 212.053
124.773 220.347
136.513 226.05
146.477 225.075
155.459 220.83
89.8432 142.531
101.04 139.689
113.48 144.713
122.503 155.345
109.827 154.125
97.401 150.658
171.385 164.045
182.097 155.22
195.927 155.47
207.406 162.147
196.224 166.942
183.379 166.942
100.725 225.927
110.112 227.764
120.22 231.263
131.465 235.56
143.073 236.943
154.823 238.283
166.691 240.809
155.774 251.168
143.968 256.052
130.25 256.079
116.641 248.473
107.781 238.211
116.137 235.746
131.932 243.176
148.713 243.579
147.761 245.345
131.106 245.37
114.854 237.686
