66.113 146.811
77.5696 142.902
90.1796 144.606
102.345 148.617
113.539 153.409
161.077 156.737
171.475 153.569
182.541 151.662
193.586 152.63
202.085 158.179
133.446 183.171
132.834 197.948
132.437 212.071
132.288 226.038
114.875 233.915
122.542 236.532
131.413 237.807
140.224 236.841
148.216 234.121
80.2583 181.881
89.0235 178.118
98.3777 178.954
105.456 184.729
97.0255 188.021
88.2068 187.414
160.944 187.142
168.111 182.389
176.934 182.3
184.316 186.359
176.92 191.164
168.609 191.013
102.145 259.505
111.084 254.942
120.707 251.73
130.618 253.673
140.979 251.708
150.362 255.776
157.503 261.809
150.609 269.13
141.452 274.029
129.811 275.103
117.917 273.432
108.685 267.573
119.307 258.944
130.176 260.237
141.184 259.462
141.553 262.189
130.244 262.532
118.79 261.104
