69.9315 169.931
79.2519 164.52
90.6474 162.627
102.451 163.17
113.664 165.933
154.965 166.403
166.39 162.475
178.732 160.474
190.766 162.469
200.064 169.361
135.35 185.746
135.237 199.506
135.035 213.343
134.491 226.839
116.437 231.566
124.58 236.347
134.222 238.351
143.994 236.785
152.772 232.637
83.0518 189.068
92.7743 182.648
104.012 182.912
112.474 191.007
102.604 192.364
92.9193 191.499
157.349 189.787
166.358 181.646
177.891 181.624
187.74 188.171
177.963 190.699
168.038 191.213
102.133 255.597
109.873 248.847
121.364 246.555
132.861 248.898
144.964 247.904
156.349 251.083
164.887 257.066
158.254 269.77
146.425 277.491
131.454 279.153
117.337 276.779
106.503 268.737
118.918 253.772
132.314 256.941
146.903 255.113
148.326 266.756
131.701 270.23
116.293 266.065
