84.5094 127.129
94.5883 124.865
104.379 124.502
114.748 123.522
124.874 124.093
160.394 124.755
166.939 123.518
172.973 123.592
178.972 123.2
185.45 123.64
144.05 142.311
147.719 155.339
151.816 168.031
155.223 181.137
130.067 191.546
137.944 193.891
146.292 194.395
152.062 193.443
156.111 191.089
93.7627 143.407
101.623 141.404
111.257 140.976
119.332 143.533
111.636 146.603
102.356 146.099
154.304 141.264
159.924 136.936
168.001 136.416
175.93 139.108
169.064 142.674
161.296 143.055
116.033 220.851
123.989 211.898
133.901 206.439
144.768 205.71
150.641 205.269
154.888 209.526
153.333 216.636
152.501 224.146
148.114 230.473
140.593 233.49
130.171 232.432
121.615 227.854
128.654 214.545
142.735 212.689
150.114 213.142
148.7 221.009
140.967 222.938
128.119 222.819
