80.9222 130.711
89.1789 128.598
99.0101 129.974
108.339 134.537
116.625 140.217
154.032 148.611
166.695 147.008
179.582 147.473
191.369 152.443
200.246 161.008
129.853 162.207
126.752 177.256
123.284 191.563
119.718 205.554
105.031 205.824
110.824 212.07
119.192 217.129
129.623 217.239
137.857 214.903
86.9492 153.54
96.9112 149.17
107.259 153.339
113.467 163.173
103.495 163.101
93.5091 161.041
151.422 171.922
161.716 165.481
173.097 167.348
180.617 175.16
171.536 178.903
160.927 176.654
93.8507 223.371
99.971 223.249
108.391 224.927
118.02 228.409
130.388 229.992
142.211 232.934
153.482 236.747
143.619 248.756
130.15 256.602
114.429 256.34
102.549 249.023
96.4786 236.757
106.512 230.853
117.596 234.906
133.344 235.887
133.788 246.434
115.526 247.763
104.034 239.665
