76.4804 163.452
84.9781 159.567
94.4636 158.227
104.333 158.957
113.908 161.969
157.906 165.849
168.274 164.521
178.507 165.278
188.41 166.744
197.853 170.685
135.547 189.45
135.163 201.507
134.772 213.389
134.564 225.305
117.587 239.054
125.272 240.227
133.49 241.645
141.367 241.126
147.953 241.363
87.6253 187.339
96.5561 182.109
106.393 183.021
114.091 190.746
105.482 192.026
96.3181 190.969
156.241 193.411
164.823 187.003
174.586 187.484
183.304 193.638
174.412 196.342
165.055 196.028
93.4655 258.374
104.853 252.028
118.824 250.672
132.49 252.286
145.625 253.131
158.154 255.952
167.794 263.49
159.886 275.972
147.335 284.718
131.661 286.244
114.937 282.861
101.967 272.304
114.242 257.371
132.405 259.755
149.097 260.202
149.998 273.892
131.599 275.631
112.419 271.501
