72.0527 169.785
80.1974 164.965
90.2655 163.309
100.337 164.182
109.983 168.066
146.187 166.455
156.139 162.832
166.406 161.937
176.141 164.091
184.445 169.291
129.208 188.374
129.853 199.323
130.363 210.211
130.791 221.229
117.935 236.121
123.958 237.569
131.557 238.342
139.035 237.366
145.26 235.133
85.0861 190.448
92.7419 186.18
101.89 186.271
109.19 191.572
100.805 192.444
92.9283 192.252
150.471 189.773
157.028 184.738
165.724 184.572
173.547 188.505
165.876 190.253
158.197 190.615
101.924 261.891
110.488 254.675
120.984 250.888
132.224 251.163
143.758 250.059
154.433 253.362
162.417 259.653
152.392 261.987
142.575 263.207
132.324 264.166
122.023 264.028
111.846 263.541
120.003 258.021
131.916 256.935
144.237 256.825
143.988 256.884
131.833 257.078
120.176 258.121
