63.908 153.53
74.3253 151.271
84.1968 151.465
94.4664 150.385
105.289 150.818
151.491 151.574
163.643 150.151
175.03 150.736
186.269 151.152
194.99 156.175
131.723 182.972
132.844 198.317
133.977 213.957
134.985 229.515
119.713 233.8
126.81 235.889
135.025 236.292
143.092 234.762
150.018 231.98
82.1904 179.278
89.1665 173.378
99.5117 174.664
108.263 181.826
98.0687 184.424
88.6788 183.848
155.564 179.351
161.954 171.158
171.647 170.165
179.814 174.951
172.622 180.115
164.435 181.106
107.898 256.408
115.927 252.116
125.614 249.964
135.142 251.455
144.922 249.811
154.709 251.628
163.277 255.463
155.073 261.99
145.102 265.46
134.255 267.095
124.026 265.74
115.116 261.916
124.187 256.845
134.716 257.771
146.049 256.462
146.071 257.221
134.233 258.179
123.486 257.261
