56.0863 160.421
66.0063 152.307
78.847 148.847
92.0306 148.859
105.043 151.769
148.054 148.579
159.988 143.734
173.054 142.021
185.65 143.683
195.59 152.032
129.297 179.28
130.603 191.244
132.254 202.781
133.912 214.961
118.193 225.843
126.568 228.108
135.775 228.492
144.515 226.17
152.36 222.529
75.5999 180.71
83.4549 173.773
94.8091 172.884
103.726 180.084
94.0404 182.027
84.0197 182.249
151.653 176.929
159.304 168.889
170.122 167.357
179.454 172.921
171.32 176.752
161.809 177.904
105.095 252.57
112.251 243.833
122.524 236.304
135.389 234.661
148.379 234.659
160.339 239.638
169.98 246.998
163.162 257.896
152.33 265.155
138.774 268.174
125.052 267.44
113.039 262.402
120.975 245.957
135.632 243.513
151.766 243.165
153.989 256.049
137.605 258.323
122.09 258.496
