68.4433 141.319
80.426 134.468
94.2618 132.373
108.459 133.502
121.649 138.119
158.082 138.033
169.753 135.055
182.25 134.846
193.956 139.614
202.315 148.808
135.941 168.779
135.521 180.972
134.704 192.85
133.592 204.827
120.15 218.146
125.725 219.548
131.529 220.14
138.192 219.958
143.765 219.178
88.326 164.165
96.4459 159.925
105.965 160.214
113.232 166.134
104.959 167.982
96.0158 167.382
157.786 169.516
166.539 164.644
176.814 165.529
184.955 172.186
175.713 173.261
166.605 172.413
103.742 245.8
111.546 239.01
120.725 234.434
130.356 236.353
139.907 235.372
148.646 239.874
154.92 246.996
148.05 253.096
139.136 257.806
128.729 259.191
119.078 257.189
110.661 252.415
121.121 244.1
129.523 245.24
138.36 244.431
138.09 246.478
129.455 246.833
120.723 245.615
