66.3296 124.65
74.7111 116.24
86.4326 111.024
99.4908 110.816
112.349 114.05
159.358 114.884
170.091 112.829
181.486 113.926
192.18 116.846
200.327 122.196
135.271 145.244
135.461 157.907
134.854 170.495
134.217 182.669
118.269 201.109
125.048 201.048
133.13 201.176
142.132 201.082
149.575 201.656
81.9311 144.961
90.8807 137.501
102.701 138.287
110.381 148.564
100.352 149.509
90.4318 148.909
158.963 149.168
167.708 139.863
178.629 139.218
188.031 146.842
178.942 150.907
168.897 151.375
107.86 233.931
114.045 223.953
123.384 217.853
134.764 217.537
147.639 217.492
157.739 224.635
162.263 235.59
154.929 241.481
145.492 244.461
134.885 245.015
123.42 244.103
113.804 240.294
123.904 229.644
135.105 229.641
146.914 230.395
146.87 232.496
134.489 232.914
122.936 232.316
