69.8936 168.827
80.0198 162.924
92.3347 161.528
104.4 162.758
115.066 167.653
147.485 168.688
157.734 164.698
169.05 163.503
180.412 164.84
190.323 169.9
132.114 192.019
133.416 203.263
134.448 213.775
135.302 224.424
120.896 239.273
127.113 240.524
134.085 241.08
141.286 240.439
147.63 238.734
83.1958 193.86
91.0991 188.157
100.677 187.81
108.023 193.536
100.249 196.043
91.2017 196.033
153.115 192.188
160.491 187.858
169.747 188.027
176.163 192.95
169.304 195.115
160.854 195.159
106.298 267.92
114.801 260.311
125.153 256.372
136.126 256.801
147.109 255.721
157.391 258.479
165.371 264.859
157.707 272.259
148.454 277.859
136.98 280.447
125.137 279.219
115.021 274.459
122.018 265.302
135.927 266.301
149.852 264.714
150.477 267.352
136.14 269.346
122.028 268.305
