72.3751 163.097
82.8052 156.591
95.1429 154.466
107.827 155.632
119.942 158.238
148.367 156.728
157.711 152.41
167.589 149.964
177.213 150.988
185.857 155.243
136.529 174.678
139.468 186.409
142.486 198.034
145.29 209.728
129.252 227.156
136.057 227.551
143.043 227.661
148.081 227.34
152.7 227.11
85.9333 184.275
94.9918 178.135
105.168 176.934
113.362 182.658
104.96 185.984
95.5996 186.346
153.026 180.61
160.941 174.168
170.579 174.036
177.686 180.055
170.44 183.057
161.848 182.863
115.601 258.387
124.728 251.723
134.196 246.474
144.775 246.384
152.981 245.641
159.537 250.236
165.094 256.601
159.218 260.431
152.482 262.503
144.901 263.206
134.747 262.955
124.635 261.389
132.655 254.63
144.523 254.166
153.039 253.974
153.393 255.079
144.322 255.262
131.923 255.822
