67.6675 174.782
77.7253 169.688
89.1771 168.163
100.731 168.556
111.904 171.267
156.8 170.943
168.718 168.323
180.593 167.76
193 169.57
204.286 174.467
135.408 192.855
135.74 205.765
135.408 218.856
135.16 231.981
119.307 240.388
126.81 243.141
136.066 244.285
146.943 241.748
156.508 237.686
82.2256 196.724
91.0847 190.764
102.035 190.411
110.494 196.347
101.431 198.64
91.1903 198.717
163.01 195.753
172.2 188.314
183.833 188.443
194.076 194.513
184.215 196.899
173.246 197.192
107.606 265.278
114.513 258.985
125.812 255.277
138.259 255.512
152.491 254.458
165.464 257.936
176.213 265.057
167.794 276.582
154.019 284.502
139.23 287.095
124.328 286.276
112.482 278.028
120.714 261.54
138.129 261.954
158.705 260.443
160.456 275.192
138.464 278.336
119.532 276.107
