69.9405 158.019
83.1242 155.462
95.6608 157.028
107.638 161.836
118.22 168.803
151.613 173.162
161.271 168.539
171.561 166.524
181.8 166.747
189.857 172.402
134.078 189.866
133.986 204.016
133.743 217.984
132.699 232.478
114.479 241.326
122.296 243.253
130.713 244.709
138.186 244.417
144.35 243.969
78.9458 186.024
89.9981 180.659
102.063 182.715
111.179 191.941
100.244 192.097
88.6109 190.142
149.343 197.114
158.903 189.841
169.894 190.62
177.715 197.943
169.498 199.991
158.651 199.212
88.9385 255.283
101.052 254.201
113.135 254.547
126.549 256.814
137.4 256.805
146.782 259.451
154.74 262.706
145.978 272.85
135.655 279.534
121.803 281.656
107.304 277.537
96.5751 268.378
108.219 260.854
125.383 263.942
140.025 264.221
139.121 270.029
123.39 270.945
106.486 267.591
