71.7844 174.339
82.6623 169.186
95.6895 168.076
108.766 169.141
121.799 171.551
155.812 171.145
169.077 168.554
182.642 167.648
195.808 169.818
206.665 177.087
138.417 191.501
138.061 209.395
137.535 225.794
137.026 242.295
119.084 244.108
127.034 248.17
136.697 250.453
146.321 248.764
154.58 245.06
84.7917 191.497
93.344 189.424
103.691 189.624
112.935 192.958
103.555 192.335
93.7473 191.426
159.901 194.083
170.246 189.793
181.269 189.752
191.249 191.546
181.187 191.979
170.802 192.897
92.8149 255.767
107.019 255.173
121.268 256.966
135.854 259.415
150.003 258.199
164.144 256.752
178.085 257.664
166.111 272.254
151.614 282.609
132.559 285.833
114.833 281.55
102.776 270.402
116.823 260.241
135.222 264.289
153.752 261.751
154.347 273.585
133.997 276.788
114.186 272.563
