74.832 161.145
80.6397 157.117
88.0605 156.606
95.1168 157.509
102.212 160.95
137.74 160.885
151.147 155.98
165.469 155.78
179.086 158.926
191.122 165.916
118.756 187.231
114.994 199.849
111.125 212.048
107.599 224.596
105.061 241.216
109.718 243.027
114.77 244.243
122.706 243.52
130.191 241.821
81.8894 189.704
88.7285 182.227
99.1909 183.321
106.711 192.109
97.9589 194.291
88.3919 194.319
147.478 190.918
155.483 181.543
167.867 181.228
178.512 188.642
168.699 193.021
157.226 193.733
99.9632 265.545
103.442 258.991
109.952 257.12
116.941 258.293
129.113 257.887
140.887 261.069
151.62 266.609
142.322 273.62
131.008 278.156
118.954 279.242
110.836 278.04
104.109 273.054
110.631 266.266
117.816 267.186
129.702 266.637
129.597 267.088
118.199 267.538
110.503 266.674
