73.0956 153.562
81.3909 148.62
91.1065 150.841
100.909 154.418
109.621 159.656
144.371 162.711
157.205 161.06
170.559 161.275
182.71 163.962
192.023 172.091
124.827 182.699
122.328 197.423
119.389 211.92
117.021 226.363
104.437 234.411
110.755 237.376
118.842 239.468
125.599 239.121
132.395 238.967
78.6003 174.397
88.1567 170.245
99.3066 173.473
106.351 185.045
94.5594 183.37
84.2367 180.786
145.825 192.032
156.602 182.125
169.541 182.828
179.266 191.241
168.861 194.149
156.826 193.978
92.6423 246.661
99.3063 247.001
108.066 249.349
117.817 252.332
130.79 253.625
142.273 256.372
154.855 258.305
144.339 271.485
131.311 280.071
115.416 281.028
101.87 273.925
96.3236 260.852
105.577 252.784
117.565 257.921
133.023 258.715
133.852 271.448
116.814 272.194
104.673 263.134
