87.4871 164.2
100.557 161.302
114.279 164.599
126.505 172.369
136.704 182.202
172.621 196.647
183.57 195.349
194.159 195.688
203.99 198.375
209.798 205.262
146.86 209.63
141.996 225.618
137.399 241.828
133.079 258.867
106.511 254.882
115.425 262.8
125.382 268.985
135.498 269.522
144.036 266.97
92.6519 188.1
105.241 183.936
117.722 189.472
122.389 203.137
111.11 201.832
100.445 196.223
160.367 218.332
170.545 210.787
183.051 212.281
190.575 222.752
180.26 225.762
169.295 223.225
74.1817 256.05
89.0832 262.331
103.119 269.238
117.413 275.598
127.811 277.412
138.302 277.99
149.207 279.039
136.578 292.273
122.795 301.75
105.131 301.184
88.1425 291.507
77.4554 275.25
94.277 268.795
115.02 279.432
131.863 281.684
129.477 289.055
110.057 289.164
88.3952 277.78
