78.5374 159.808
87.7103 157.139
96.8453 158.12
105.362 160.657
113.468 164.729
150.299 166.259
163.317 161.411
177.319 159.571
190.928 161.8
202.542 169.459
128.972 188.626
125.967 202.729
122.407 216.587
118.676 230.435
108.068 241.681
114.053 244.402
121.117 246.119
130.109 245.647
139.14 244.245
84.0392 192.166
92.6364 184.456
103.748 185.47
112.093 194.075
102.238 196.945
92.4102 196.55
154.892 194.906
164.26 187.034
176.666 187.529
186.779 196.089
176.217 198.572
164.756 198.416
93.5888 264.803
102.092 262.555
112.184 261.361
122.763 262.356
137.313 261.639
151.026 263.6
163.2 267.134
152.604 277.036
138.991 284.573
122.673 286.848
109.091 284.615
99.7998 276.241
108.922 266.365
122.651 267.382
140.733 267.127
141.383 276.9
122.711 278.904
108.39 275.661
