60.6434 170.82
69.5993 164.121
80.8483 163.697
92.4262 164.595
103.433 167.542
141.485 163.6
154.422 158.517
168.116 156.124
181.868 156.982
193.163 163.602
124.747 186.801
125.902 201.294
126.882 214.945
128.089 228.756
115.19 238.132
121.958 239.709
129.624 239.988
138.008 238.679
145.491 236.436
74.3106 193.73
82.0828 186.6
94.1491 186.482
104.482 193.141
94.3484 196.115
83.3774 196.522
149.542 189.07
158.032 180.143
170.585 178.909
180.107 184.718
170.975 188.98
160.194 190.295
101.511 261.639
108.645 253.694
119.531 251.002
130.6 251.903
143.42 250.213
156.416 252.018
167.646 258.092
162.467 273.213
150.499 284.574
134.273 287.149
118.65 284.792
107.845 274.977
118.079 258.813
131.297 260.079
148.056 257.266
152.349 272.381
133.105 276.494
116.658 272.676
