84.2704 147.083
95.0651 145.725
105.729 150.051
115.318 156.335
123.634 163.983
154.379 174.552
167.166 174.182
179.641 176.278
191.591 181.092
200.548 189.578
131.365 187.264
126.87 200.329
122.383 212.91
117.917 226.119
106.005 229.259
110.15 232.973
115.439 236.558
122.901 237.918
129.617 238.129
88.945 170.603
99.6663 168.736
109.392 173.636
113.5 183.765
104.08 182.673
94.6496 178.906
151.818 197.321
162.624 192.647
173.077 195.669
180.16 204.234
170.299 206.104
160.381 202.786
85.4217 237.873
94.9113 240.616
104.162 243.858
112.045 249.335
122.979 250.803
133.051 255.198
143.607 259.459
131.826 266.205
119.182 269.556
106.551 266.9
95.9905 260.649
89.2221 250.04
99.8969 250.26
109.808 256.431
122.877 259.028
122.932 259.751
110.042 257.016
99.5289 250.736
