67.7599 127.56
77.8614 120.744
91.008 118.35
104.738 118.992
117.701 122.3
149.21 121.542
162.116 117.785
175.499 116.329
188.379 117.973
198.553 124.972
134.939 146.875
135.582 160.085
136.812 172.953
137.787 185.696
119.234 194.286
128.669 196.504
138.699 197.561
148.119 195.506
155.809 192.716
83.3784 151.102
93.0805 144.772
104.024 145.051
113.726 151.859
103.814 152.314
93.6827 152.6
155.996 150.106
165.5 142.994
176.185 142.572
185.603 147.981
176.26 150.182
166.528 150.593
99.0441 217.575
110.709 212.702
124.559 210.539
138.284 211.621
151.751 209.741
164.909 210.973
175.8 215.527
168.04 228.938
155.989 239.452
139.488 243.384
122.302 240.926
108.218 231.5
119.992 217
138.294 219.282
155.763 216.161
158.28 228.145
139.367 231.322
119.493 229.364
