64.4999 189.195
75.8752 179.089
92.1074 172.882
108.926 172.861
124.843 177.518
171.893 172.443
181.321 165.611
191.592 162.714
202.254 162.405
210.126 170.633
147.086 202.223
150.417 220.608
154.267 238.74
158.47 257.43
137.17 270.834
147.407 271.913
156.417 272.099
164.908 270.02
171.175 266.278
77.8794 211.373
91.4989 203.215
106.431 202.077
118.726 212.165
105.871 214.933
91.4659 215.661
167.614 205.361
177.294 193.764
190.588 190.352
200.367 195.21
193.963 203.024
181.293 205.69
102.406 292.636
120.49 288.638
137.999 287.144
154.689 287.661
165.553 284.638
175.026 283.471
180.204 284.817
176.252 301.569
169.953 316.421
153.673 323.151
132.933 319.163
115.584 307.671
133.404 292.983
153.674 293.605
166.395 289.12
167.923 305.375
153.132 314.916
130.306 310.711
