72.9416 158.514
77.9336 154.565
84.4054 153.77
91.1867 154.816
97.4994 156.685
135.222 148.845
148.055 143.558
162.098 142.003
177.076 143.831
190.148 149.825
117.007 182.359
114.332 195.18
111.649 207.834
108.934 220.262
106.57 238.422
110.963 240.041
117.063 240.823
126.714 239.057
136.207 236.05
84.5907 184.721
90.2278 177.535
99.0605 178.039
106.565 184.65
98.6246 187.684
90.5054 187.812
146.379 178.276
151.99 169.004
162.627 167.916
173.199 172.336
165.041 177.726
155.28 179.465
106.774 271.245
107.337 264.671
112.051 259.587
118.402 260.18
132.031 258.771
145.067 263.218
158.205 266.682
148.445 276.183
136.189 282.323
123.568 283.973
116.283 282.299
110.607 277.659
117.327 271.623
120.535 271.83
132.239 269.731
132.772 270.4
121.332 271.341
116.731 271.359
