76.9781 146.737
88.9208 145.114
101.007 148.024
111.538 152.105
122.217 157.038
149.443 159.269
160.326 155.693
171.275 153.336
182.92 153.498
192.624 158.398
133.292 176.64
131.561 189.538
130.169 202.282
128.52 215.678
112.737 223.008
119.772 225.625
127.623 227.478
135.522 227.035
142.456 225.056
83.4513 169.185
94.0214 165.535
104.448 167.439
111.759 176.6
101.648 177.898
91.5178 175.778
151.26 179.957
160.241 172.334
170.483 171.886
180.177 176.763
171.486 181.234
161.288 181.867
92.9102 236.104
104.38 238.547
115.454 238.417
127.1 240.679
137.807 239.835
147.882 240.893
157.783 240.692
148.259 249.518
138.247 256.467
125.211 258.476
112.073 255.092
101.956 246.796
110.99 243.77
125.894 246.675
139.969 245.585
139.992 247.153
125.558 247.957
110.877 245.445
