90.2466 129.583
103.117 127.522
117.263 130.012
129.839 136.352
141.051 145.395
185.446 155.301
197.825 150.708
210.421 148.676
222.949 149.181
232.836 154.69
158.445 171.449
155.23 189.338
152.63 206.64
149.569 223.793
128.778 227.385
136.537 232.528
145.464 235.993
154.742 235.969
163.097 234.586
97.9439 159.252
109.87 154.265
120.869 157.68
128.77 169.712
116.654 169.316
105.543 166.699
180.791 179.138
192.089 170.908
204.19 171.375
213.646 178.854
204.014 183.963
192.595 182.789
101.823 246.141
116.623 246.683
129.716 248.122
142.246 251.944
154.118 252.961
165.09 255.956
176.247 259.444
165.993 271.532
152.037 278.351
136.109 277.563
120.255 272.39
108.14 260.826
124.104 253.663
140.327 258.352
156 259.954
155.823 267.208
138.176 267.534
121.109 261.115
