86.7143 161.255
94.713 158.604
103.432 161.056
111.204 164.664
118.845 168.854
147.18 172.038
156.733 169.766
166.226 168.618
176.055 168.953
184.076 173.158
131.229 186.792
129.377 198.558
126.92 210.169
124.293 221.829
113.496 228.679
118.745 231.513
125.355 233.652
132.571 232.979
139.641 231.277
93.3366 181.521
100.481 176.514
109.93 178.203
116.934 186.091
108.697 187.698
100.155 186.413
150.236 190.002
157.951 183.725
167.956 184.594
175.7 191.913
167.321 194.362
158.202 193.316
102.012 244.652
109.446 243.502
117.368 244.265
125.694 246.803
134.859 245.766
143.813 247.617
152.322 251.921
144.629 257.669
135.278 261.811
125.038 263.014
114.582 260.623
106.486 254.558
115.665 250.151
125.739 253.019
136.826 252.427
136.304 254.622
125.195 255.509
114.432 252.615
