64.7809 177.634
72.3141 171.076
82.8557 169.113
93.9607 169.569
104.99 172.725
138.258 161.184
147.964 155.595
158.229 151.185
169.484 147.817
179.95 148.187
125.353 178.109
125.538 192.29
125.002 206.492
124.888 221.062
118.606 231.704
124.556 231.992
129.589 231.976
136.137 230.503
142.852 228.316
77.9932 186.178
87.814 178.756
99.6386 177.992
109.954 186.188
99.1056 188.645
87.8628 189.419
147.054 181.692
155.251 170.238
167.972 167.802
178.991 173.261
169.972 179.354
158.693 181.162
108.488 255.751
113.42 250.301
121.358 247.841
129.933 248.973
141.894 246.409
154.501 247.296
165.542 252.017
157.347 262.003
146.816 269.267
133.799 272.858
121.755 271.605
112.875 265.107
118.584 254.599
131.254 254.564
147.586 252.173
148.347 259.091
132.268 263.409
117.987 261.143
