70.0351 166.237
79.7743 158.82
92.4046 158.264
105.091 161.346
117.799 166.147
151.683 165.515
164.077 160.1
176.943 155.904
190.445 154.234
200.911 160.345
136.88 185.79
136.559 200.027
136.156 214.119
135.606 228.528
122.164 240.931
128.908 241.808
136.775 242.319
145.622 241.306
152.555 240.06
85.365 189.708
94.9538 183.473
106.703 183.558
116.359 191.381
105.853 194.615
94.7838 194.58
158.267 189.394
166.955 181.023
178.782 179.728
189.033 184.874
180.317 191.088
169.012 191.992
106.653 260.724
116.236 257.463
127.036 255.781
137.68 256.856
149.923 254.718
162.469 255.278
173.959 258.688
165.491 270.514
154.441 280.523
139.3 283.936
124.917 281.316
114.341 271.893
125.614 261.548
138.511 263.34
153.192 260.836
155.095 268.263
138.742 272.226
123.961 268.86
