67.9751 170.737
75.1645 164.351
84.3233 161.106
94.1077 159.82
104.398 160.939
142.217 156.333
155.179 153.664
168.015 153.678
180.879 156.284
189.937 164.025
126.412 185.439
126.406 197.856
126.255 210.409
126.261 223.143
116.657 236.227
122.093 236.792
127.999 236.949
135.49 235.53
142.346 233.79
79.8524 194.271
87.4671 187.047
98.4831 187.186
107.862 193.394
98.3934 196.979
88.1061 197.866
149.317 188.807
156.29 180.281
167.248 179.661
177.226 185.148
168.722 189.727
158.823 190.853
104.612 260.202
110.311 252.656
119.573 248.25
129.265 247.826
141.267 246.539
152.509 248.513
162.189 253.965
155.199 266.43
144.912 275.114
130.855 279.599
118.161 278.645
108.564 271.33
117.874 255.83
129.441 254.742
144.448 253.234
146.764 266.336
130.495 270.61
117.008 269.601
