74.0519 163.226
82.0667 160.197
91.1651 159.752
100.354 161.66
109.238 165.247
142.521 164.924
155.125 160.532
168.126 156.757
181.312 157.703
193.224 163.026
125.566 187.083
124.681 198.935
123.565 211.041
123.087 223.212
116.881 238.328
122.202 238.694
128.037 238.712
135.686 237.777
142.63 237.042
83.6447 187.311
90.5048 179.186
101.499 180.046
110.594 188.902
100.342 191.329
90.5236 191.443
149.296 188.781
155.679 178.72
167.701 178.549
179.171 186.143
168.92 190.241
158.178 191.098
108.28 263.751
114.464 258.457
122.449 255.508
130.356 257.504
140.914 255.198
151.449 257.858
163.162 260.576
155.129 270.549
144.082 276.234
132.234 278.898
121.998 277.323
113.492 272.387
121.997 263.503
130.715 264.139
143.07 262.701
143.972 268.344
131.395 270.896
121.614 269.2
