65.2985 173.807
68.8439 165.863
76.2738 161.82
85.4517 159.894
93.7957 161.021
136.24 148.053
148.751 140.589
163.25 136.656
178.586 137.564
192.602 142.42
120.512 186.793
121.781 200.675
122.173 214.763
122.28 228.072
118.656 247.039
125.368 247.691
133.057 246.907
142.259 243.368
151.175 238.366
83.0118 195.026
88.7205 187.216
99.1198 184.845
109.845 190.723
100.27 195.031
90.938 196.687
155.522 177.552
161.223 168.132
171.442 164.548
182.367 167.982
174.278 173.473
164.503 176.371
117.15 273.784
117.449 264.546
126.473 259.671
137.45 260.275
154.809 254.929
173.272 253.857
192.343 255.623
182.229 273.754
166.363 286.854
147.927 294.238
133.787 294.199
123.243 285.705
129.396 270.253
140.684 270.145
162.01 263.865
165.762 275.592
144.952 284.126
132.564 282.044
