67.1498 131.912
78.108 124.71
92.0866 122.894
106.236 124.471
119.89 129.458
159.018 131.791
170.374 132
180.641 132.997
189.47 136.628
195.707 143.5
141.093 159.153
142.953 173.671
145.338 187.798
146.849 202.219
124.299 213.711
133.588 216.446
143.178 217.82
150.568 216.62
155.838 214.472
87.1929 152.537
97.9874 148.017
109.248 148.669
117.131 157.29
107.044 157.676
96.7296 155.739
151.876 161.218
162.682 155.276
173.799 155.533
182.439 161.27
174.015 164.093
163.123 163.196
92.1235 237.966
105.448 231.14
121.18 228.628
137.468 229.753
149.338 229.085
159.131 231.821
163.115 240.87
159.999 253.224
151.358 264.266
135.869 267.712
116.304 264.335
101.772 253.527
115.064 234.762
136.654 236.522
150.523 236.659
152.291 255.22
135.786 260.04
112.767 255.404
