85.4525 158.251
91.4629 156.561
97.6888 157.923
103.815 161.107
109.723 164.819
140.915 164.519
154.995 162.317
169.34 162.283
182.913 165.673
194.876 172.854
124.073 188.37
120.982 201.539
117.024 214.293
113.246 227.422
109.819 239.694
114.836 241.784
121.475 243.461
129.222 242.612
136.714 241.323
90.3043 183.923
95.7559 178.971
104.681 181.167
111.664 188.041
103.085 189.523
95.0802 188.67
150.191 190.375
157.891 184.724
168.499 186.458
178.105 192.794
167.468 193.625
157.615 193.713
104.714 258.271
107.461 254.964
114.291 254.733
121.716 257.038
136.402 256.961
151.036 259.719
166.044 263.85
155.842 278.376
140.334 286.368
122.164 287.679
110.891 282.163
106.663 271.637
112.931 260.328
122.982 262.694
142.536 262.635
144.457 276.219
124.737 277.398
113.258 271.202
