64.9204 170.485
75.5538 164.104
88.3467 161.913
101.144 162.898
113.81 165.722
148.474 162.292
160.042 159.416
171.381 157.266
182.956 157.401
193.183 162.497
133.573 188.544
134.55 201.986
135.63 214.97
136.456 228.232
121.992 238.189
128.756 239.412
136.27 240.048
142.97 239.45
149.078 238.407
81.2571 190.06
90.7723 182.654
102.241 183.017
111.035 191.237
101.288 193.175
90.9331 193.231
152.017 189.083
159.819 180.381
171.145 178.648
180.342 185.509
172.234 189.357
162.16 190.315
98.5875 257.344
109.979 253.091
122.463 252.172
135.08 253.068
146.227 251.454
157.136 251.874
166.759 254.559
161.246 268.403
150.708 278.189
136.03 280.99
120.179 278.302
107.237 269.297
118.933 257.787
134.993 258.936
149.786 256.828
151.69 268.378
135.535 271.984
117.979 268.848
