69.2445 162.716
78.8048 158.525
88.8377 158.224
99.0319 159.988
108.409 163.914
150.108 165.294
162.86 161.97
175.985 161.443
188.985 163.708
200.636 170.771
127.471 186.024
125.043 197.922
122.62 209.624
120.251 221.885
109.633 236.902
115.422 238.294
122.861 239.08
130.436 238.685
138.034 237.192
77.4146 186.798
86.4375 180.325
97.2523 181.565
105.274 188.372
95.8137 189.706
86.0388 189.714
153.299 190.98
162.367 183.232
173.676 183.604
183.237 190.874
173.441 192.933
162.707 192.839
96.4906 262.479
100.866 253.327
110.579 248.974
120.85 249.77
134.185 249.941
146.993 255.666
157.761 265.381
147.518 273.573
134.619 279.342
120.582 281.012
109.251 279.3
100.469 272.33
109.684 258.155
121.643 258.543
138.185 259.227
138.845 268.76
121.527 269.778
108.787 268.12
