71.8161 165.022
81.6102 160.062
92.2972 158.341
102.98 160.07
113.349 163.544
150.397 165.991
160.302 163.98
170.177 163.595
180.092 165.449
188.656 170.255
132.573 181.78
132.517 195.071
132.334 207.968
131.906 220.84
115.712 230.86
122.854 231.971
130.631 232.873
137.975 232.681
144.461 232.137
81.1478 184.13
89.8929 179.489
99.6746 179.775
107.673 185.093
98.8039 185.419
89.8412 184.86
152.387 186.781
159.527 181.539
168.873 181.852
177.466 186.996
169.02 187.598
160.214 187.921
94.9702 252.364
106.103 247.599
117.717 245.162
129.964 246.302
139.741 246.539
149.051 249.366
158.374 253.24
150.583 262.189
140.147 268.855
127.118 270.652
113.829 268.717
102.523 262.021
114.371 252.943
129.028 254.061
141.544 253.561
141.418 258.611
127.716 259.574
112.87 258.372
