67.7446 183.543
76.5723 174.855
87.1775 169.258
99.0991 167.209
111.162 167.576
151.498 159.589
159.656 153.914
169.23 150.388
178.888 149.89
187.496 154.086
137.007 186.93
141.263 200.982
145.621 215.298
149.921 229.031
132.933 243.978
141.521 244.88
150.326 244.095
157.091 241.83
162.909 238.63
85.3071 200.076
94.1169 192.424
104.875 188.905
114.145 194.498
105.981 199.018
95.8139 201.087
156.887 187.098
164.006 178.395
173.799 174.468
183.646 179.157
176.551 184.645
167.035 186.729
121.608 268.715
130.586 261.59
141.332 257.43
152.075 255.969
160.315 253.994
168.922 255.34
176.784 258.717
169.973 265.37
162.69 271.317
153.415 274.744
142.093 275.65
131.835 273.08
139.562 264.037
151.997 262.552
161.648 260.574
161.703 260.933
152.107 263.762
139.619 264.647
