62.2626 153.611
74.3785 147.313
88.6535 146.06
102.422 149.709
115.27 156.634
154.855 160.39
166.621 156.219
179.255 155.813
191.439 158.957
200.346 167.987
136.532 182.185
135.905 194.349
135.54 205.736
135.558 216.821
118.745 232.608
126.199 234
134.647 235.09
140.6 235.118
145.928 234.615
78.7453 175.487
88.1384 169.361
100.564 171.369
108.881 181.616
98.0346 183.135
87.2385 181.427
155.148 187.579
163.902 179.056
175.442 179.284
184.624 187.437
174.542 190.626
164.191 190.712
102.058 257.278
111.539 252.626
121.21 249.112
131.993 249.106
141.022 250.696
148.984 254.614
154.883 261.656
147.839 265.822
140.877 269.715
131.86 270.94
120.432 268.816
111.059 263.771
119.878 257.086
131.576 257.147
140.379 258.755
141.273 259.858
132.513 258.651
119.621 258.078
