94.296 157.642
102.089 155.137
109.584 156.281
116.111 158.603
122.494 160.498
154.212 164.264
163.033 164.484
171.164 165.402
179.237 168.366
186.194 174.298
135.353 184.862
133.774 197.963
131.896 211.255
129.606 224.488
114.251 231.361
121.587 234.273
129.389 236.287
136.971 236.38
144.904 236.297
94.6193 183.83
102.896 180.625
111.267 182.035
118.436 187.819
110.183 187.699
102.178 186.2
153.498 192.922
161.028 189.622
168.978 189.785
176.66 193.91
169.778 194.293
161.746 194.185
91.1113 249.577
101.607 244.488
113.679 243.357
125.972 245.289
137.181 247.264
148.13 250.585
156.035 257.794
149.555 270.762
136.907 278.688
121.283 279.185
106.479 274.599
96.0654 264.007
109.865 249.722
125.001 252.63
137.986 254.168
138.513 270.988
122.552 272.564
105.801 266.604
