86.4271 154.374
94.8652 150.556
104.801 150.354
114.632 152.601
123.42 157.118
154.943 160.621
165.094 158.689
175.694 158.641
185.765 160.929
194.553 166.031
136.36 181.49
135.205 194.365
133.834 206.527
132.469 218.874
116.748 229.463
123.477 231.559
130.909 232.686
137.66 233.197
144.688 233.368
91.247 178.406
99.2057 173.893
108.618 175.43
115.471 182.3
107.054 184.13
98.3402 183.014
160.077 188.184
168.541 183.336
177.511 183.743
184.981 189.198
176.699 191.499
168.128 191.391
100.218 253.955
109.992 248.252
120.355 246.032
130.113 247.418
139.803 247.76
149.247 250.893
157.562 257.026
148.435 263.143
138.448 266.548
127.672 267.344
117.211 265.363
108.07 261.14
118.096 255.04
129.003 256.287
139.672 256.63
140.066 257.284
128.721 256.485
117.329 255.816
