80.3397 155.402
90.9426 151.933
102.364 152.978
113.159 157.255
122.717 162.752
154.625 172.341
165.146 169.356
175.896 168.047
185.974 170.005
192.856 177.211
137.692 183.345
136.703 195.31
136.363 206.927
135.642 218.409
114.375 228.994
122.329 231.27
131.317 233.279
139.098 234.041
145.948 234.264
88.875 178.998
98.4561 176.965
108.074 178.948
115.726 186.357
105.987 186.471
97.2379 184.532
153.464 193.114
162.661 188.376
172.069 188.752
180.236 194.453
171.524 197.047
162.405 196.059
92.8923 249.399
104.638 245.088
117.217 243.576
128.838 245.781
138.712 247.207
146.59 252.866
152.404 260.016
144.426 268.683
134.342 273.566
122.008 273.17
108.874 268.517
99.2624 260.739
111.586 249.263
127.092 252.223
139.145 254.397
137.306 265.714
123.891 265.323
108.074 260.508
