61.92 157.586
75.3126 150.83
91.1526 149.358
106.483 152.649
120.822 159.152
158.598 164.175
169.733 160.393
181.764 159.588
192.814 163.072
199.8 171.417
138.939 182.983
138.453 199.875
138.289 216.978
137.539 233.498
112.716 240.645
121.167 245.064
131.388 247.697
139.968 247.116
147.133 244.79
78.1849 178.66
89.9229 172.251
102.977 173.512
110.165 184.492
99.5069 185.818
88.0512 183.892
156.101 190.334
165.813 181.688
177.711 181.79
186.134 190.868
176.786 194.269
165.951 193.476
85.2409 260.052
100.341 260.195
113.913 259.767
127.063 263.968
135.44 262.821
143.426 265.823
150.496 269.548
142.203 277.312
132.343 283.294
121.236 284.448
107.309 280.31
95.1012 271.446
108.562 266.95
124.769 271.165
134.613 270.772
133.309 271.729
123.446 272.279
108.157 268.374
