72.6311 97.7539
78.2625 90.1666
86.928 89.5749
97.1482 91.8453
106.601 95.929
134.706 89.2562
148.438 82.5006
163.059 76.3202
177.62 75.6333
190.371 82.5941
124.053 113.372
123.387 128.254
121.755 143.264
120.388 158.405
116.005 169.537
120.789 170.839
128.087 171.306
135.419 169.509
142.723 166.852
83.6849 118.977
90.9426 112.218
102.573 112.856
114.484 122.186
103.55 124.687
91.6276 124.772
147.48 115.197
154.41 103.705
167.011 101
180.345 106.54
171.178 113.14
158.932 115.597
116.168 187.827
118.442 185.355
123.822 183.298
131.628 183.615
143.733 181.713
156.007 181.995
169.9 182.99
161.65 194.011
150.499 201.904
137.393 205.047
126.615 202.793
120.468 196.259
125.079 189.503
134.093 190.742
147.567 187.61
149.032 190.854
135.828 194.472
126.334 192.451
