68.8332 167.918
74.6964 160.294
83.0342 157.449
92.537 157.002
102.688 158.886
147.128 155.049
159.18 151.12
172.06 150.3
185.398 152.692
195.146 159.713
125.524 187.31
124.365 200.248
122.836 213.374
121.341 227.32
110.822 237.881
117.317 240.65
125.116 241.868
134.451 239.631
143.252 236.529
83.8415 187.274
91.2354 180.301
103.015 180.54
111.766 189.914
101.911 193.133
91.1964 192.883
150.84 186.489
158.447 177.197
170.564 176.778
180.65 183.603
171.938 188.378
160.503 189.242
104.084 259.781
108.867 254.801
116.713 252.997
126.118 253.881
140.992 253.401
155.064 255.002
168.024 261.263
159.643 274.672
146.864 284.398
129.917 288.094
115.762 284.715
107.057 274.219
116.289 258.803
127.263 259.605
144.858 259.213
147.652 275.238
129.014 278.039
115.652 274.5
