64.3552 146.65
71.5552 139.64
81.1091 137.267
91.203 137.422
100.926 140.675
139.804 135.86
153.606 129.915
168.729 126.682
183.263 129.033
194.827 137.575
124.629 160.202
123.796 177.028
122.895 193.811
122.359 210.993
110.748 217.805
118.651 221.428
128.437 222.733
137.245 220.318
145.065 215.746
77.0812 164.829
85.6219 157.766
97.4986 157.543
109.224 165.492
97.6763 168.496
86.1278 168.76
148.102 162.471
156.321 153.181
168.994 152.491
181.208 158.698
170.65 163.188
158.679 163.775
103.679 235.302
110.928 233.031
120.765 233.695
131.545 234.655
146.102 231.88
161.197 231.516
177.388 233.107
169.081 249.894
155.561 262.167
137.126 266.993
120.574 263.592
110.477 251.114
117.693 239.416
133.139 240.376
153.527 236.915
157.039 250.372
135.793 255.31
118.207 250.547
