82.9183 77.4319
95.3472 75.2488
108.186 79.0646
119.07 86.4496
128.758 95.6939
156.238 106.211
167.642 104.406
179.038 104.323
189.801 107.504
196.459 115.237
136.952 118.43
134.604 130.415
132.378 142.067
130.054 154.074
108.966 160.224
115.812 164.833
123.779 168.301
131.516 169.559
138.656 169.471
86.1484 107.192
96.0726 104.364
106.121 106.768
112.242 115.179
103.019 114.866
93.5807 112.407
153.83 128.258
163.319 124.844
172.558 127.334
178.876 135.175
170.401 134.943
161.535 132.482
86.4181 183.722
98.0936 178.564
110.159 176.983
121.198 181.027
130.867 182.653
138.604 189.203
143.611 197.435
135.114 205.073
124.315 207.897
112.929 206.703
101.258 202.075
92.1809 194.289
104.833 182.997
118.976 186.337
131.466 189.931
129.152 197.431
116.081 195.766
102 191.403
