74.454 71.3208
85.5132 65.5065
98.7972 64.2727
111.933 66.8938
123.675 72.3512
151.705 75.8745
166.06 71.0838
180.954 71.5386
194.802 77.3601
204.471 88.3625
133.972 102.351
131.839 116.915
129.346 131.589
127.171 145.933
114.144 160.077
120.295 161.91
127.094 163.11
135.878 163.254
144.414 162.464
79.5819 102.944
91.5239 97.0608
103.462 98.067
111.865 105.146
101.506 106.971
90.4804 106.024
160.77 110.569
171.339 105.146
184.408 106.303
194.67 113.945
184.203 115.304
172.094 114.21
93.26 188.937
100.933 178.561
113.245 173.188
126.658 174.168
142.173 175.872
156.464 183.438
168.999 194.669
158.81 206.88
142.917 212.692
125.579 213.843
110.735 210.363
99.5615 201.216
109.225 182.895
126.742 181.937
148.976 185.812
149.059 201.797
126.957 201.287
108.984 198.265
