58.4438 173.267
64.2498 163.939
74.2995 157.795
86.1995 156.502
98.4681 157.835
152.736 151.046
165.651 148.067
178.212 147.174
190 149.524
200.136 156.182
128.063 180.957
128.664 196.705
129.466 211.959
130.568 227.559
115.837 243.242
123.95 243.473
133.452 243.534
144.464 241.456
153.187 239.315
78.6015 186.532
87.228 180.227
98.2389 178.824
107.265 186.648
97.5163 189.257
87.7019 189.248
155.726 179.807
163.03 171.584
173.892 171.582
184.605 176.464
175.35 180.573
165.587 181.51
107.45 273.643
113.614 264.462
123.331 257.279
134.931 256.087
149.18 255.033
161.334 260.256
172.061 266.069
164.766 277.699
154.204 287.175
138.98 291.489
125.463 289.241
114.348 282.58
121.61 268.74
135.57 267.65
153.394 265.566
155.163 274.353
137.259 277.749
122.291 276.721
