70.5071 171.449
80.4472 164.835
91.8872 162.131
104.252 163.946
114.59 170.096
154.968 167.188
167.635 161.601
181.596 161.036
194.983 163.941
205.441 172.337
134.804 193.202
134.674 210.229
134.528 226.772
134.573 242.983
121.569 253.06
128.624 254.882
136.575 255.182
145.665 254.079
154.13 251.31
84.1283 198.718
92.7204 190.542
104.554 192.846
112.926 202.264
102.767 204.976
92.228 204.195
160.449 199.619
168.215 189.938
180.044 189.327
190.843 196.776
181.314 201.248
170.48 201.922
105.25 278.41
115.176 272.478
125.872 268.802
137.051 269.768
149.674 268.398
162.413 271.351
173.337 277.388
164.189 287.343
152.101 295.075
137.462 298.306
123.709 295.993
113.276 289.163
124.067 276.65
136.992 276.73
151.867 276.283
152.696 284.359
137.088 287.304
123.584 285.723
