63.5872 176.379
74.0145 169.506
85.9456 165.866
97.7169 163.591
110.14 162.115
147.142 154.207
156.046 149.461
165.301 146.05
174.684 142.731
184.865 142.937
135.953 179.621
141.258 195.41
146.588 211.168
151.362 226.926
133.955 242.637
143.118 242.74
152.408 241.624
159.351 238.413
165.473 234.005
83.2024 197.813
91.3487 191.844
101.498 188.087
111.705 190.878
102.827 195.405
93.01 197.682
156.314 179.703
162.703 172.854
171.803 170.264
180.532 171.453
173.744 176.736
165.151 179.556
121.902 269.406
130.944 261.245
141.513 254.664
154.65 252.62
162.559 248.446
170.813 248.594
177.966 250.083
174.913 263.862
170.277 275.885
159.198 283.974
144.618 285.103
131.823 279.259
140.05 263.037
155.018 260.32
165.438 255.783
166.938 263.549
155.909 271.195
139.954 272.763
