64.4999 188.027
70.5599 181.053
80.1262 177.351
90.3591 176.077
100.842 176.535
141.52 164.058
150.286 156.691
159.238 151.076
169.703 147.936
179.597 149.948
128.715 188.365
132.597 199.682
136.317 210.395
140.163 221.876
129.556 236.816
137.228 235.919
144.866 234.728
151.693 231.516
158.089 227.646
79.8969 206.243
87.0524 197.902
97.8853 194.714
108.936 199.064
100.129 204.096
89.4787 206.686
151.807 185.016
157.872 174.325
168.877 170.453
179.814 173.377
172.097 179.197
162.016 183.411
116.963 261.94
126.41 254.679
136.72 248.248
148.804 245.342
159.984 240.461
172.062 239.52
184.209 240.275
183.709 257.035
176.166 270.651
161.202 279.056
143.511 281.062
129.031 274.771
132.599 256.742
151.162 251.765
169.074 244.994
175.286 255.875
156.688 267.054
134.466 269.029
