66.8691 168.662
73.7734 165.121
81.7002 164.795
89.245 165.473
96.6592 167.943
139.747 162.378
153.065 158.351
166.604 155.881
180.008 155.186
192.568 158.876
120.435 191.536
119.815 205.688
118.948 219.89
118.665 234.096
110.137 243.938
117.79 246.434
125.73 246.958
135.155 244.44
144.13 240.112
78.3086 193.55
85.5079 188.168
95.1166 188.183
103.976 193.891
95.5498 195.558
86.177 195.855
147.925 189.412
155.506 182.276
166.128 181.361
178.067 184.687
168.211 188.708
157.797 189.879
108.508 266.658
110.731 259.726
117.992 255.49
127.294 254.866
138.855 252.71
151.129 254.484
162.25 261.016
154.662 271.314
144.123 278.761
131.798 283.647
121.432 282.973
112.876 277.013
119.586 263.633
128.82 262.858
141.596 260.702
143.786 268.266
130.381 272.46
120.705 270.812
