69.3858 149.794
82.9589 146.139
96.7681 147.175
109.779 151.112
121.882 156.733
160.66 166.484
171.096 164.083
182.981 165.316
193.879 167.209
203.077 173.211
138.442 183.936
136.74 198.28
135.22 212.862
133.095 227.475
107.858 236.925
117.641 241.911
127.723 244.722
137.59 244.947
146.215 243.34
76.4004 175.59
88.1657 171.825
100.501 174.383
108.013 183.027
97.1028 183.034
85.9396 181.144
157.747 192.283
168.036 186.593
179.6 187.226
188.355 194.434
178.806 196.614
168.013 195.756
83.942 257.74
97.9832 255.244
111.802 254.727
124.387 258.621
135.675 258.729
146.529 263.319
153.483 271.566
144.056 278.85
131.078 281.919
118.337 281.225
104.834 276.287
92.8558 268.26
103.885 263.868
122.275 268.798
138.259 269.722
137.398 269.984
121.535 269.235
103.232 263.787
