90.1248 147.694
96.1083 144.291
103.164 143.833
110.345 145.007
116.889 148.602
156.049 150.875
164.719 149.26
173.181 150.466
180.976 154.661
187.272 162.317
133.78 171.894
131.579 183.973
129.146 195.589
126.837 207.253
116.088 214.768
121.472 217.715
128.09 219.734
136.863 218.718
144.335 216.484
95.932 171.507
103.094 165.305
112.129 166.506
119.01 173.362
110.734 174.93
102.74 174.455
154.97 177.624
163.376 171.822
173.433 173.152
180.451 181.337
172.168 183.238
162.963 181.808
101.871 232.103
109.604 227.746
118.718 227.046
127.566 229.196
139.676 228.665
151.094 231.086
161.422 236.326
152.006 245.637
140.609 251.466
126.772 252.375
114.829 250.085
106.394 242.518
116.494 231.16
127.862 232.945
143.189 233.238
143.215 243.966
127.204 244.337
114.928 241.593
