68.9622 103.013
78.7101 97.0983
89.1089 93.8362
100.205 90.5408
112.387 90.1112
157.775 88.2659
170.199 89.1288
181.926 93.5541
191.946 101.182
199.1 110.744
134.358 118.964
133.899 125.723
133.447 132.285
132.887 138.085
119.791 163.126
124.095 161.929
129.416 162.07
135.323 162.455
139.898 164.372
80.6916 119.752
91.614 112.937
103.005 113.101
112.894 121.569
101.272 122.054
90.8638 121.788
156.58 122.878
167.396 115.817
178.784 117.487
187.158 125.948
177.829 126.624
167.259 125.667
106.317 193.965
112.946 186.456
120.504 180.28
130.479 178.921
140.521 180.584
148.116 187.388
153.145 196.59
148.243 201.829
140.693 205.632
130.425 207.224
120.635 205.185
112.5 200.565
121.345 187.837
130.799 187.697
139.615 189.296
139.075 196.976
130.163 197.632
121.524 195.649
