69.9005 155.54
80.4488 148.686
93.5806 147.149
106.651 148.994
118.891 153.964
153.641 157.024
164.059 153.088
175.314 151.871
186.942 153.506
196.097 159.397
136.032 181.705
137.22 192.378
138.411 203.55
139.519 213.852
125.233 230.976
131.237 231.713
138.027 232.206
144.257 231.888
149.989 231.109
84.1618 180.258
93.3547 174.353
103.61 174.519
110.545 181.818
102.347 185.487
92.4178 184.667
157.174 184.34
165.995 177.966
175.721 177.505
182.882 183.435
175.341 187.536
166.093 187.535
105.023 260.822
115.093 255.375
125.648 250.363
137.068 251.722
145.88 250.739
154.027 254.376
160.859 259.654
155.263 265.694
146.8 269.746
136.743 271.243
124.781 270.845
113.623 267.445
126.716 259.726
136.683 260.482
144.381 259.577
144.562 260.28
136.808 261.26
126.685 260.849
