70.7124 169.942
78.7588 163.848
89.0818 161.428
99.7231 161.865
110.284 164.208
149.404 158.49
159.712 153.547
170.019 150.741
181.289 150.336
191.119 154.803
133.423 187.176
135.226 199.838
136.817 212.103
138.601 224.528
126.97 233.966
132.422 234.959
139.272 235.27
145.182 233.786
149.896 231.789
84.6633 192.066
92.0278 185.471
101.96 184.741
111.105 189.991
102.302 192.245
93.2554 192.638
156.192 181.922
163.541 175.691
172.715 174.233
180.565 178.898
173.565 181.699
165.24 182.942
106.246 252.37
116.347 250.175
127.196 248.18
138.471 247.888
149.441 245.569
159.921 245.493
170.123 245.515
163.722 256.719
154.02 263.878
140.911 266.529
127.098 266.34
114.701 261.579
125.544 253.764
138.693 253.374
151.305 250.722
153.395 256.71
140.126 259.865
125.795 258.945
