69.8816 160.458
84.486 155.517
100.137 156.028
114.252 160.369
128.218 166.221
156.426 169.995
169.306 166.18
182.558 165.686
195.776 168.494
206.922 175.356
139.637 187.894
138.474 204.138
137.324 219.663
135.993 235.349
120.249 239.158
127.706 243.479
135.85 246.175
144.126 245.396
152.209 243.454
87.36 182.309
97.8859 177.684
108.314 179.173
116.82 188.302
105.99 188.887
95.6391 187.056
160.242 191.888
169.657 185.202
180.656 185.341
189.832 191.702
181.054 194.825
170.356 194.932
95.7999 250.554
108.238 252.325
121.222 253.69
134.073 256.766
144.736 256.61
155.353 256.791
165.059 256.861
156.232 265.302
145.271 270.607
132.104 271.536
117.959 267.516
106.119 260.058
117.918 259.314
133.546 263.846
147.837 262.914
147.682 262.758
132.747 263.414
116.811 259.663
