78.696 146.632
88.5803 141.655
100.295 143.805
111.564 149.455
120.908 158.645
157.88 164.783
169.6 162.058
181.832 161.951
193.147 164.719
201.895 171.171
136.268 182.06
134.246 194.806
132.372 207.21
130.226 219.419
114.744 229.511
119.83 231.925
126.469 234.208
134.246 234.737
140.963 234.5
88.8677 168.398
98.9946 164.749
110.277 168.548
115.962 178.989
105.286 179.532
95.2419 175.942
155.539 188.381
166.978 181.583
178.004 183.387
186.596 190.336
176.951 193.486
165.923 192.209
96.8355 250.496
106.561 248.536
115.612 246.797
124.321 250.014
134.107 250.407
142.354 255.008
151.317 260.147
142.47 265.945
133.083 270.406
121.926 270.823
111.47 266.205
103.866 259.372
114.113 253.997
123.815 257.593
133.685 258.284
133.77 258.89
123.555 259.066
113.791 254.867
