69.241 158.339
74.3893 151.438
82.9251 150.031
93.0363 151.757
102.226 155.731
139.875 152.42
153.992 146.719
169.881 144.366
185.314 145.899
198.103 153.805
121.499 183.701
119.554 201.214
116.467 218.357
113.372 235.035
108.533 246.564
114.406 248.887
122.212 249.482
132.204 247.299
141.764 243.483
81.7128 179.763
88.7682 174.48
100.527 175.693
109.58 185.378
98.5917 187.605
87.3317 187.182
149.273 183.158
157.718 172.473
169.962 171.727
181.468 177.437
171.524 182.759
160.172 184.214
108.62 256.688
110.628 257.585
116.778 258.826
126.163 260.741
141.544 260.076
157.819 258.768
176.181 257.201
165.628 270.738
151.431 279.937
133.656 283.747
120.062 277.97
114.616 268.542
118.995 264.255
129.363 267.831
149.16 264.526
151.918 270.11
132.682 273.563
121.069 267.896
