77.0775 164.481
86.7101 160.993
97.2011 161.051
107.505 163.826
118.092 167.508
149.546 170.408
160.792 167.433
172.608 166.599
184.215 168.819
194.116 174.559
133.306 187.096
133.066 198.139
132.939 209.024
132.669 220.581
116.555 232.235
123.719 234.084
131.51 235.755
139.026 235.435
145.975 234.674
84.9912 186.135
93.9027 181.258
103.445 181.765
111.216 188.273
102.219 189.429
93.3417 189.013
154.202 192.206
162.977 186.674
172.901 186.784
181.125 192.832
172.58 194.903
163.475 194.434
101.406 257.957
109.003 250.95
119.593 247.052
131.12 248.287
142.127 248.356
152.085 254.595
158.776 263.276
152.701 272.45
142.372 277.144
130.56 276.469
118.422 273.552
108.467 266.797
117.036 253.895
130.782 254.129
143.988 256.303
144.776 267.417
131.436 266.688
117.004 264.176
