73.7396 125.836
82.6016 122.091
92.4648 122.536
102.022 125.223
110.403 130.152
143.076 131.961
155.54 128.013
169.241 126.99
182.729 129.988
194.269 137.861
125.944 156.542
124.354 172.857
122.65 188.469
121.38 204.102
112.712 214.236
118.18 216.177
124.516 216.714
132.464 215.541
139.771 213.015
82.9225 153.431
91.8979 147.869
102.497 149.695
110.75 158.379
100.459 159.621
90.2329 158.575
147.759 162.277
156.33 153.614
167.02 153.436
176.608 160.892
166.894 164.438
156.467 164.088
103.136 229.381
109.281 228.097
117.564 227.774
126.692 228.2
139.73 227.567
152.465 227.637
164.455 228.832
154.063 237.792
142.086 243.536
128.006 245.559
117.512 243.712
109.386 237.826
116.842 234.069
126.627 234.256
141.893 233.416
142.003 234.654
127.387 236.074
117.319 235.197
