75.3837 160.626
82.5764 158.346
90.8443 160.609
98.249 162.308
105.564 165.964
148.021 163.704
158.865 160.345
170.211 158.635
181.505 160.043
189.492 166.36
126.03 184.61
125.905 196.735
125.486 208.811
125.416 220.895
111.326 233.394
117.78 233.945
124.371 234.402
132.746 233.286
140.188 232.298
76.3176 183.593
87.8432 175.527
100.789 176.735
110.549 185.895
98.8866 188.014
86.4202 187.648
145.583 185.258
155.702 176.332
168.791 175.914
178.42 182.754
169.079 187.321
156.8 188.089
89.3645 249.457
101.362 245.835
113.899 245.39
126.449 246.404
139.014 245.125
151.45 246.039
163.423 249.872
156.44 264.89
144.58 276.829
127.473 280.615
110.2 275.368
97.54 263.39
108.562 250.926
126.515 252.527
144.677 250.169
148.303 265.106
127.986 271.22
107.242 263.911
