66.0754 160.378
74.7512 155.364
85.7807 154.617
96.9568 157.701
107.901 162.859
152.048 165.298
161.846 161.286
172.198 160.34
182.487 160.909
191.299 165.361
128.681 188.474
128.437 203.857
127.944 218.465
127.239 232.828
110.343 236.642
115.973 240.501
124.226 243.109
132.324 241.181
138.525 238.553
76.0279 185.785
84.9418 179.265
95.9172 180.952
104.491 189.537
94.5695 191.263
84.0188 190.595
147.905 192.582
156.481 184.796
167.191 184.433
176.553 191.413
168.37 195.412
158.017 195.829
88.8741 252.042
100.343 249.655
111.82 250.065
123.598 251.96
135.287 250.677
146.251 252.011
155.28 257.067
148.132 270.128
136.712 281.086
120.847 284.486
104.675 279.822
95.1865 266.577
107.479 255.278
123.494 258.507
137.522 257.413
137.916 270.2
120.818 275.777
103.021 268.096
