71.5244 162.251
82.0488 158.111
93.4702 157.54
104.823 159.372
115.745 164.746
147.19 172.793
156.706 170.58
166.515 169.485
176.624 169.367
186.748 172.131
130.7 182.096
130.21 196.004
129.34 210.572
128.227 224.808
112.583 237.794
118.11 240.004
124.969 241.819
132.122 241.326
139.412 240.799
80.0908 183.842
88.2754 180.902
97.8169 181.392
105.414 185.484
97.1724 186.927
87.8825 186.712
152.813 189.471
160.772 187.528
169.217 188.517
176.752 192.22
168.801 193.153
160.813 192.466
92.6699 264.193
102.45 257.264
113.111 253.991
124.379 256.455
134.195 256.355
143.409 261.107
150.914 267.741
144.365 278.332
134.281 286.701
121.124 289.358
107.923 285.649
98.0109 276.106
111.811 262.467
123.358 265.117
134.601 265.931
134.585 275.693
121.542 277.898
109.839 273.256
