70.6529 143.073
79.5523 134.418
91.9216 130.65
104.956 131.171
116.524 135.694
157.004 134.788
168.901 133.275
180.404 133.13
191.373 137.176
199.72 144.102
137.291 163.365
136.087 178.899
134.772 194.404
133.777 210.036
118.973 220.865
126.549 223.662
134.674 225.117
143.123 224.306
151.939 222.128
84.8249 161.933
95.1318 157.179
105.428 157.683
113.754 165.91
103.73 167.337
93.8096 166.194
159.602 166.647
167.276 157.85
178.474 157.506
187.636 162.785
179.306 167.322
169.23 168.13
102.715 244.959
113.748 241.692
123.896 239.81
134.315 241.071
145.869 239.498
157.148 243.02
167.9 246.489
158.777 254.464
147 259.249
134.146 259.878
121.952 259.046
110.931 254.033
120.843 246.956
134.485 248.338
148.209 247.435
148.033 249.461
134.195 250.578
120.107 248.911
