66.0923 161.247
73.224 151.749
84.3921 148.521
96.3278 149.031
107.696 152.493
160.692 148.854
173.129 143.415
185.985 142.236
198.073 145.52
206.822 154.167
135.158 175.013
135.875 190.183
136.308 205.517
136.875 220.923
123.268 234.459
129.626 236.263
137.333 236.749
145.556 235.885
152.488 233.905
79.6989 179.636
90.751 172.353
103.107 171.903
112.781 180.418
102.796 183.397
90.4164 183.807
161.961 177.187
171.178 167.74
183.471 167.125
194.35 174.801
184.307 179.168
172.588 179.785
105.565 261.552
115.417 256.53
125.863 253.552
137.333 256.076
148.258 253.658
159.198 256.805
169.73 261.273
160.22 269.487
149.564 275.344
137.179 277.898
124.348 275.424
114.275 269.646
123.67 262.574
137.087 264.36
150.279 262.121
150.321 263.981
136.852 266.465
122.813 264.465
