60.0524 161.964
67.8137 153.178
78.7675 148.577
91.2246 145.777
104.087 145.424
151.326 146.109
163.958 147.347
175.707 149.568
185.674 154.192
193.19 162.434
128.665 183.056
129.621 195.365
130.448 207.433
131.226 219.226
114.42 233.615
122.104 235
130.746 235.56
138.774 234.855
145.99 233.746
79.284 190.168
87.7076 185.509
97.2542 184.278
105.666 189.098
97.1965 190.342
88.4777 190.696
152.067 188.449
161.418 183.944
171.062 184.291
179.707 188.16
171.218 189.624
161.746 189.608
98.4766 261.367
107.257 252.457
118.709 247.696
130.929 248.647
143 247.013
155.03 250.351
163.809 258.27
155.326 266.167
144.635 270.792
132.187 272.592
119.392 272.287
108.299 268.561
117.887 257.499
130.754 256.636
144.224 256.086
144.112 260.975
130.804 262.364
117.919 262.526
