72.3 161.756
81.985 156.558
92.8921 155.69
103.803 156.922
114.494 160.805
151.721 160.363
161.273 157.065
171.471 156.223
181.419 158.291
189.76 163.508
133.829 185.24
134.122 195.543
134.407 205.154
134.512 214.194
120.767 229.418
126.295 230.492
132.787 230.994
139.21 230.379
145.07 229.097
86.7034 184.063
94.4846 178.089
103.944 178.53
110.836 186.159
102.849 188.355
94.1819 187.982
153.905 186.125
161.113 178.471
170.655 178.172
177.626 185.225
170.549 188.312
161.73 188.626
106.936 254.94
114.347 249.745
123.214 246.877
132.957 247.191
142.52 246.492
151.892 249.187
159.246 254.409
155.649 263.503
146.062 267.715
135.184 268.567
123.388 268.148
112.811 263.661
124.251 252.56
133.892 253.826
143.027 252.369
144.642 258.586
134.764 258.929
124.002 258.241
