70.601 151.942
80.8452 146.667
92.8644 147.312
104.549 152.193
114.212 159.972
153.901 168.456
166.215 165.03
179.298 164.239
191.195 167.869
199.533 175.617
132.379 186.244
129.155 201.342
125.823 215.755
122.712 230.08
108.053 234.4
114.45 238.401
122.122 241.694
130.399 241.441
138.108 240.614
79.0992 175.486
89.2007 169.929
101.852 173.472
110.017 184.944
98.5545 183.335
87 180.63
153.669 193.207
164.442 185.011
177.455 187.112
187.16 195.014
176.649 197.287
164.647 196.029
87.4138 250.964
98.3978 247.079
109.571 248.175
120.786 251.376
133.743 252.978
145.903 256.854
155.678 265.299
145.178 279.498
131.163 289.823
113.519 290.91
98.0699 283.209
90.2247 268.414
105.299 254.166
119.232 259.32
135.454 259.942
135.008 278.576
115.369 280.903
98.8877 271.586
