75.0669 136.682
79.2501 131.218
86.0673 128.376
93.5331 127.178
100.96 127.389
137.25 111.551
147.256 106.588
157.883 102.628
168.987 101.478
179.501 103.17
126.749 142.782
128.316 154.29
129.563 165.798
130.749 177.15
128.376 194.29
133.373 195.022
139.391 194.339
145.672 191.619
151.116 187.205
88.1736 153.441
93.3761 146.492
102.88 145.122
111.374 150.163
103.199 153.966
94.7108 156.115
150.794 136.44
155.403 127.486
164.33 122.921
174.653 125.674
168.508 131.225
160.141 134.793
127.152 215.673
128.9 209.656
134.848 205.786
142.88 204.652
153.112 201.195
164.087 200.579
174.855 201.741
168.678 211.009
159.077 218.489
149.282 223.158
140.569 223.998
133.079 220.965
137.763 213.215
145.765 210.774
156.889 207.973
157.077 210.388
146.344 214.723
137.655 216.028
