61.6998 153.986
71.7867 148.997
83.5186 148.566
95.2281 151.037
105.93 156.669
154.547 158.811
165.399 154.457
177.511 152.909
188.969 153.426
198.073 160.059
129.729 183.307
129.665 196.663
129.322 210.18
128.984 223.813
116.126 234.048
122.67 236.238
130.228 237.571
138.04 236.609
144.182 234.786
82.1239 177.549
90.0871 171.917
100.216 172.493
108.116 181.375
98.4422 183.509
88.5388 182.439
153.425 183.383
162.035 174.35
171.893 173.898
179.407 179.982
172.819 184.749
162.875 185.271
97.5083 254.28
109.127 252.696
120.153 251.363
131.406 253.367
141.851 252.127
151.996 253.94
162.583 255.283
155.273 266.926
144.971 272.893
132.546 274.43
118.436 272.219
106.884 265.299
119.81 259.672
130.899 261.728
141.505 260.23
143.363 263.143
132.242 263.489
119.259 262.449
