65.8815 155.019
74.5345 152.055
83.4629 151.045
93.1666 150.613
103.044 150.264
157.036 149.836
167.689 149.183
177.868 148.988
187.707 149.339
197.114 151.998
131.251 182.213
131.12 198.429
131.045 215.107
130.846 231.557
117.158 241.052
124.646 242.69
132.168 243.074
140.647 241.659
148.887 238.427
82.1127 181.98
90.8648 175.209
101.601 175.516
109.921 184.366
100.521 187.439
90.5657 187.055
152.762 183.662
160.309 174.066
171.222 172.942
180.085 178.224
172.531 184.483
162.514 185.637
106.272 259.066
114.679 256.341
124.461 255.696
134.214 257.321
143.986 255.165
153.893 254.715
163.643 255.469
155.843 265.633
146.826 273.299
134.984 276.774
123.398 274.567
114.163 267.75
124.54 262.241
134.264 264.527
144.564 261.145
145.83 262.515
134.416 265.461
123.52 263.529
