65.8156 168.115
73.5566 160.824
84.262 158.461
95.2106 159.591
105.652 164.444
148.788 161.321
161.607 156.213
174.591 154.487
187.618 157.407
196.759 165.711
128.919 185.345
128.465 199.709
128.058 213.827
127.36 228.084
111.83 237.803
119.507 240.03
128.486 241.56
138.015 239.791
145.738 236.857
79.2155 190.459
88.0947 184.42
99.4543 184.937
108.737 192.844
98.4847 195.334
87.7461 194.758
151.67 191.44
160.435 183.391
171.568 182.598
180.162 188.541
171.741 192.448
161.322 193.008
94.3782 256.702
105.595 255.614
116.782 254.891
128.983 256.485
143.268 254.751
156.748 255.45
170.485 255.351
160.868 269.984
147.073 280.976
129.22 285.808
112.832 281.619
102.126 270.298
113.361 260.156
129.054 262.565
147.63 259.728
150.317 269.344
129.306 274.473
110.863 269.161
