70.7266 138.534
82.3294 135.45
95.0077 136.979
107.222 141.245
118.545 147.49
156.167 157.01
167.213 152.634
179.069 150.066
191.804 149.803
201.614 156.495
134.526 180.775
132.566 198.504
130.926 216.235
129.888 233.816
111.863 247.931
119.075 250.082
127.142 251.957
134 250.816
139.862 248.643
79.7169 171.551
90.0876 167.746
102.167 169.125
109.637 179.731
98.7298 181.526
87.007 179.402
155.445 186.375
165.767 179.929
176.543 179.959
185.693 185.894
176.791 191.062
165.426 191.096
93.1373 272.558
103.854 270.856
114.758 268.152
126.508 269.965
135.852 268.185
144.452 271.312
151.7 275.326
145.29 284.347
136.327 290.816
124.78 292.857
112.06 290.175
101.571 282.764
115.553 274.962
125.757 277.838
132.649 276.497
133.69 279.117
125.67 279.927
115.904 276.74
