51.2145 154.473
64.1661 144.781
80.509 140.528
97.2061 140.574
113.416 143.545
152.783 147.022
165.895 144.43
179.112 144.903
192.096 147.988
201.739 156.247
134.343 181.632
135.654 193.921
137.067 205.878
137.934 217.333
117.926 232.579
126.671 234.677
136.314 235.666
144.306 234.666
151.174 232.664
71.6901 180.495
82.0769 173.23
94.9075 173.1
103.615 181.823
93.0806 185.266
81.5956 185.058
154.852 182.838
163.437 174.46
175.868 174.707
184.86 182.661
175.275 186.706
164.344 186.903
97.87 265.016
109.259 258.616
121.172 253.506
134.952 254.078
146.243 252.806
156.193 257.84
163.943 263.965
155.331 269.846
144.901 272.466
133.798 272.669
120.357 271.812
108.552 269.718
124.591 261.195
134.57 261.525
142.423 260.943
142.364 263.655
134.053 263.812
124.155 263.333
