74.4804 175.052
84.4793 168.383
96.498 166.483
109.032 168.34
120.982 173.701
147.661 168.857
161.024 162.84
175.974 160.066
190.955 160.247
203.631 166.623
136.107 191.556
136.848 205.887
137.569 220.301
138.271 234.951
126.698 244.956
132.685 246.662
139.121 247.586
146.949 245.969
153.531 243.748
88.7237 195.559
97.9249 189.723
108.937 190.569
117.872 198.018
107.804 200.34
97.5129 200.051
158.968 193.8
166.876 185.439
177.752 183.975
188.654 188.633
179.97 194.31
169.356 195.908
114.556 270.074
123.045 265.814
131.44 262.041
140.463 263.065
150.937 261.373
161.639 263.512
173.032 267.014
165.755 278.398
155.359 286.807
142.245 290.162
130.303 288.027
121.315 280.203
129.015 269.651
140.647 268.895
155.146 268.204
155.738 274.169
141.092 277.606
129.116 275.594
