81.8307 122.968
91.2728 119.444
101.547 120.319
111.288 125.059
119.94 132.406
152.02 138.106
166.228 135.695
180.514 137.198
193.226 143.433
202.213 153.678
130.945 158.914
126.831 173.706
122.487 188.18
118.274 202.54
106.133 210.597
111.216 214.83
117.88 218.116
127.513 219.315
136.582 218.772
86.3755 152.408
96.18 147.133
106.389 150.658
112.931 160.168
102.628 161.398
92.8891 159.065
153.996 168.834
163.877 161.855
175.621 165.114
183.487 174.196
173.673 176.684
162.689 175.014
90.1583 225.727
99.2672 226.915
107.633 228.274
115.276 232.031
129.227 233.498
142.103 238.556
155.891 242.727
142.255 248.759
127.894 252.478
113.059 251.034
102.438 245.329
95.849 235.752
103.876 233.479
114.608 238.028
132.867 240.866
133.462 242.315
115.295 239.332
103.447 234.239
