63.4706 144.094
72.9221 137.015
85.3074 135.079
98.1042 135.594
110.358 139.264
149.645 135.704
161.553 130.339
174.193 127.804
186.424 127.538
197.601 131.888
131.872 156.739
133.317 171.902
134.932 186.436
136.345 201.244
116.545 210.444
126.156 213.299
135.536 214.861
144.665 212.409
152.987 207.641
77.4696 160.322
86.997 153.29
99.4284 152.984
110.406 160.67
99.2179 162.662
87.505 163.092
155.134 157.415
163.532 147.523
175.2 146.012
184.337 152.426
175.963 156.407
165.696 157.458
97.1731 229.972
109.333 224.924
122.739 224.226
136.411 224.869
150.649 222.34
164.007 221.279
176.779 223.782
169.67 241.505
156.605 253.176
138.619 258.07
120.078 255.983
105.51 245.812
117.407 227.345
136.459 229.226
155.514 225.186
159.285 241.716
137.991 248.556
116.868 244.527
