72.753 80.0581
79.5629 71.4259
89.2215 68.0666
99.892 67.6625
110.897 70.3516
148.859 68.7408
159.905 65.5198
170.92 65.1492
181.301 68.2929
189.11 75.3755
129.025 94.5972
129.115 106.841
129.057 119.287
128.961 131.566
120.275 142.721
124.904 143.889
130.417 144.364
136.889 143.215
142.836 141.141
86.3611 97.5319
93.858 90.5774
104.314 90.1535
112.967 97.634
103.826 99.86
94.3268 100.071
150.238 95.2377
157.439 87.0983
167.561 86.5245
176.56 92.3614
168.677 96.0547
159.464 96.6275
110.133 166.117
116.771 161.506
124.777 158.317
133.126 159.486
142.192 158.189
150.549 160.268
159.254 164.237
152.225 170.923
143.525 175.36
133.297 177.723
123.917 176.313
115.978 172.558
124.424 165.713
132.898 167.228
143.241 165.522
143.596 167.578
132.948 169.234
124.053 167.869
