74.5287 138.237
85.708 134.15
97.3735 132.621
108.43 133.579
118.894 136.933
165.388 136.173
176.91 133.062
188.878 131.191
201.614 132.706
212.584 137.686
142.63 164.863
142.819 178.817
142.98 192.18
143 205.538
127.753 219.347
134.781 220.489
142.781 221.398
151.657 221.25
160.139 220.286
90.7382 161.399
99.8024 157.914
109.522 158.133
117.795 165.879
108.18 167.375
98.1868 165.939
170.244 164.869
178.959 158.739
188.282 157.545
197.551 161.025
189.686 166.216
179.829 167.043
110.861 244.749
120.653 241.959
131.709 239.736
143.12 240.586
156.257 239.95
168.345 243.278
179.866 247.587
170.203 253.359
158.792 257.62
145.447 259.48
131.946 256.941
120.611 251.44
132.338 247.907
144.434 249.489
157.214 248.545
157.097 248.312
144.153 248.909
131.366 247.402
