78.7384 155.602
86.6105 151.959
95.6088 150.77
104.322 151.887
113.34 154.447
156.137 157.207
165.351 156.028
174.018 156.941
181.846 160.281
188.493 165.993
133.99 179.971
133.825 191.15
133.873 201.587
133.898 211.882
115.848 221.146
123.694 224.104
132.664 225.878
140.703 224.832
146.729 222.276
84.6065 179.355
92.8146 171.99
104.031 172.101
110.782 181.169
102.143 183.178
92.4135 182.398
152.782 185.233
160.361 176.868
171.278 177.48
179.794 185.879
170.675 187.592
160.972 187.426
100.351 247.52
108.413 241.725
118.876 239.986
129.953 241.853
139.248 240.886
147.848 243.715
153.483 250.158
149.357 261.712
140.033 268.85
127.462 270.705
114.749 266.706
105.342 258.607
115.435 245.045
129.382 247.208
140.443 246.527
141.784 259.197
128.663 262.075
113.035 257.689
