70.9729 171.189
78.888 164.481
89.8729 163.453
100.739 164.923
111.602 168.426
160.698 168.038
172.022 164.255
183.239 162.604
194.592 163.39
202.54 170.736
137.003 197.049
138.007 209.569
139.063 222.012
139.99 234.776
128.632 247.268
133.684 246.924
139.442 246.505
145.086 246.539
149.971 246.164
88.3955 195.208
96.8125 189.48
107.654 189.374
115.95 198.223
106.093 199.315
95.9525 198.662
159.516 197.225
168.06 189.545
178.357 189.514
186.7 195.655
179.368 198.834
169.168 199.469
111.539 271.613
120.26 265.176
129.311 262.011
138.472 264.121
148.056 262.12
156.458 265.979
164.21 272.886
159.006 284.478
150.023 291.689
137.985 293.456
126.122 290.847
116.247 283.552
129.05 270.656
138.571 271.883
147.103 271.086
148.425 283.131
137.974 285.65
126.825 282.368
