51.628 122.234
62.9854 112.873
77.443 108.647
92.192 109.001
106.6 113.32
158.104 112.746
168.591 108.999
179.597 108.771
190.051 111.68
198.248 119.19
135.038 143.433
136.694 154.977
139.049 166.453
141.911 177.808
117.437 201.094
128.635 202.835
141.361 204.264
150.325 203.154
157.743 200.795
69.8693 148.422
80.3343 139.986
91.6541 140.133
101.692 148.567
91.379 149.897
81.0093 150.026
158.44 149.376
166.641 140.846
177.609 140.642
185.706 149.065
176.749 150.355
167.452 150.559
95.611 233.985
110.261 223.876
125.032 217.801
141.776 218.648
154.241 216.873
165.826 222.348
173.301 232.101
167.036 244.721
155.799 254.134
140.899 256.475
122.678 253.882
107.165 245.638
120.498 227.825
141.331 226.666
156.175 226.359
156.828 242.702
140.683 244.533
119.275 243.188
