62.3436 185.149
71.8266 177.007
82.2238 172.59
93.9514 170.417
105.41 172.101
144.105 161.477
155.741 155.416
168.109 153.192
180.981 153.941
193.639 158.046
128.288 190.17
130.537 202.631
132.478 215.839
134.252 228.804
122.325 241.728
129.127 242.46
136.759 242.102
144.949 239.04
152.488 235.432
78.7533 198.563
86.6761 190.137
98.2649 188.991
108.316 195.183
99.303 199.283
88.6486 200.925
150.188 185.663
157.806 175.097
169.221 172.418
179.422 177.723
171.999 183.131
161.209 185.998
109.955 266.962
118.62 259.311
128.464 254.729
139.294 252.836
151.699 249.296
164.196 249.524
175.506 254.264
169.205 267.228
159.764 278.53
145.765 284.971
130.967 285.084
118.947 278.02
127.774 261.297
141.146 260.572
156.338 255.686
160.214 266.821
144.101 273.393
128.239 272.888
