77.306 150.946
87.917 143.729
100.898 142.077
113.613 145.109
125.238 150.738
154.291 156.351
166.535 154.025
178.775 154.8
189.481 160.627
196.942 169.748
134.836 176.278
133.686 189.144
132.331 201.815
130.602 214.902
110.334 221.478
119.544 225.375
129.657 228.482
138.905 228.16
147.512 227.098
87.8193 167.923
96.8376 164.914
106.205 166.902
112.412 174.575
103.637 175.598
94.8926 173.505
153.222 182.551
162.438 176.845
171.382 177.792
179.899 183.466
171.327 185.903
161.991 185.488
86.843 235.694
101.32 237.369
114.14 239.326
126.895 242.158
138.355 243.403
149.841 246.073
161.228 248.952
151.3 261.086
137.678 268.717
121.695 268.98
105.974 262.347
94.9438 250.907
108.258 243.164
125.77 249.149
141.56 248.967
141.656 258.26
123.619 258.732
105.379 252.605
