73.6862 128.743
82.4748 122.665
93.6353 121.304
104.599 123.311
114.518 128.924
149.306 127.742
160.458 123.688
172.41 123.286
184.457 126.134
194.393 133.419
128.787 145.939
127.083 157.71
124.81 169.372
122.367 181.181
109.267 195.037
115.73 197.171
122.96 198.261
132.482 197.932
140.937 196.356
83.1257 149.68
92.5322 144.219
102.185 145.266
110.519 151.806
100.915 152.299
91.9104 151.836
151.108 154.788
160.99 148.512
171.142 148.613
179.858 154.194
170.29 155.557
160.915 155.798
93.441 219.841
102.347 213.137
113.155 209.789
124.203 210.412
137.534 210.675
150.621 215.354
162.078 223.352
151.64 232.285
138.069 238.369
123.484 239.574
110.247 237.715
99.8462 230.357
109.854 218.428
124.079 218.562
141.94 219.277
142.445 228.509
123.631 229.269
108.188 227.471
