64.4786 88.2737
75.6931 81.0938
88.7117 78.1877
101.864 78.551
114.419 81.9898
154.387 81.0267
161.087 77.7506
168.217 75.1715
175.671 73.6263
183.319 76.4305
138.649 102.858
143.03 113.909
147.826 124.472
152.444 135.884
128.813 150.364
137.917 152.675
147.189 153.899
155.118 152.223
160.901 148.921
85.5696 107.06
93.7138 100.21
104.129 99.2695
111.241 106.845
103.376 108.555
94.477 108.69
152.016 105.147
158.542 98.3555
167.966 96.9571
174.638 103.562
167.986 106.506
159.675 106.679
102.815 175.737
115.626 168.584
130.805 166.042
145.945 166.117
154.16 165.375
161.562 166.886
164.692 172.649
161.851 182.924
155.057 189.521
144.805 191.588
128.545 190.629
113.362 185.572
126.377 172.455
145.202 172.485
154.259 171.972
154.242 181.607
143.256 183
124.23 183.064
