57.6847 155.966
62.0825 146.106
73.1296 143.236
85.2774 144.6
98.0011 149.414
140.458 146.888
154.614 140.211
169.466 137.037
183.252 139.353
196.793 144.426
122.853 178.067
123.02 194.868
122.522 211.217
122.241 227.498
111.165 231.274
117.926 233.818
127.355 235.833
137.12 233.289
147.942 230.663
73.9722 172.74
82.4424 166.207
95.147 166.969
105.484 178.281
93.1302 179.24
81.8228 179.09
150.055 173.665
161.407 161.413
174.997 159.744
186.922 165.148
176.714 171.863
163.808 174.013
109.596 247.268
116.194 248.331
123.785 249.767
132.057 251.606
147.453 249.097
161.368 247.904
177.667 244.389
168.226 260.296
154.934 271.272
138.157 275.787
123.494 270.754
116.096 260.267
122.791 255.177
134.296 260.03
153.735 253.599
156.846 258.591
136.673 265.274
122.787 258.853
