72.3277 162.016
80.4528 157.4
90.3441 157.673
100.216 159.083
110.257 162.508
145.486 163.035
159.089 160.704
172.469 159.552
185.762 161.609
197.622 168.127
128.308 184.681
127.516 200.11
126.352 215.861
125.016 231.545
114.397 240.434
119.901 243.168
127.124 245.009
136.096 243.289
144.096 240.038
81.8844 183.587
91.1305 177.207
102.746 178.737
111.251 187.68
100.783 189.705
89.7593 188.851
152.897 189.179
162.886 180.525
175.924 181.298
186.384 189.308
175.514 193.412
163.526 192.897
106.487 263.551
113.711 260.087
122.869 259.545
131.886 261.635
144.795 260.11
157.053 261.348
169.757 265.645
161.167 277.353
149.959 285.286
135.072 287.73
121.628 283.073
113.17 274.567
121.288 264.852
133.001 267.045
149.072 265.557
150.742 274.782
134.508 277.085
121.837 272.775
