63.646 161.378
75.5562 154.93
88.3412 151.787
101.659 152.869
114.808 157.948
156.864 157.298
168.628 153.044
180.88 151.503
192.752 153.258
202.049 159.307
134.516 185.909
134.749 197.819
135.205 209.057
135.944 220.441
118.486 231.744
127.05 234.703
136.619 236.365
145.471 233.683
153.635 229.992
79.0758 183.343
88.6767 175.549
99.6222 175.781
107.875 183.784
98.372 186.664
88.3696 186.735
161.125 182.607
169.555 174.94
181.39 173.71
190.929 179.772
181.947 184.492
171.152 185.322
101.085 259.266
113.503 252.855
125.667 248.997
138.537 248.987
150.045 247.01
161.416 249.504
171.705 254.977
165.4 267.893
155.132 276.791
141.875 281.107
125.694 280.609
110.721 272.523
121.421 256.276
139.301 255.836
154.977 254.29
157.865 266.112
140.355 270.681
119.898 269.357
