87.3714 143.772
96.886 139.22
107.889 138.59
118.332 140.759
127.886 145.229
166.277 146.335
175.956 142.628
186.533 141.267
197.164 142.31
205.954 148.41
145.415 166.851
144.282 179.613
143.289 192.681
142.886 205.711
131.259 218.385
137.243 218.354
143.227 218.045
148.52 218.893
153.173 219.535
98.161 167.102
106.135 160.928
116.402 161.889
124.062 170.369
114.429 172.557
104.573 171.876
166.354 173.501
174.083 164.672
184.901 164.75
194.104 171.316
185.832 175.22
175.502 175.627
115.592 245.25
124.482 240.81
134.281 237.793
144.952 237.978
155.013 238.213
163.912 241.907
172.599 246.468
164.427 253.506
155.43 257.979
144.373 260.133
133.156 257.471
123.879 252.767
135.004 245.464
144.609 245.779
153.391 246.468
153.922 248.336
144.409 248.862
134.283 247.92
