69.926 171.793
78.8291 166.224
90.0012 164.54
101.414 164.661
112.31 166.888
148.785 164.754
159.679 161.376
171.295 159.787
182.916 160.339
192.067 166.581
132.354 189.365
133.228 202.228
134.143 215.277
135.07 227.969
121.424 235.135
128.239 237.268
135.603 237.949
142.503 236.566
148.544 233.93
83.667 187.623
92.1944 181.598
102.833 181.646
110.96 188.978
101.207 191.085
92.0528 191.134
152.641 187.157
159.454 178.861
169.971 177.522
178.941 182.536
171.511 187.101
162.345 188.41
105.043 252.915
115.884 251.457
125.815 250.121
136.088 250.886
146.16 248.8
156.111 248.879
166.644 248.119
159.972 259.939
150.388 267.991
137.437 270.657
124.477 269.425
113.732 262.826
125.265 255.789
136.178 256.87
148.289 254.115
149.352 257.983
136.692 261.355
124.871 259.637
