71.8104 155.573
80.4626 149.325
91.4523 146.871
103.105 146.471
114.184 148.978
160.239 149.35
167.898 147.294
174.979 147.631
181.401 149.207
185.525 153.887
140.047 177.892
143.676 190.56
147.611 202.759
151.374 214.756
128.907 231.346
137.557 232.314
146.784 232.467
153.809 231.245
159.308 230.956
83.7546 180.297
94.2151 173.12
105.522 173.252
115.801 180.681
105.257 181.609
94.495 181.587
151.625 179.951
159.843 173.081
169.577 172.604
178.254 179.395
170.041 182.486
160.896 182.031
102.311 255.409
115.338 250.179
129.596 246.503
143.788 246.159
153.371 245.842
160.638 248.27
164.793 255.692
161.273 265.577
153.734 272.607
141.236 274.855
124.761 272.615
111.713 265.722
125.129 255.878
142.831 255.802
155.106 255.44
155.945 263.995
142.102 265.851
123.384 263.517
