64.8218 168.788
74.7787 164.626
85.4493 164.91
96.5119 166.784
107.176 171.103
142.265 167.394
155.055 162.81
168.593 159.516
182.34 159.106
194.174 164.54
124.195 189.439
124.166 204.289
124 218.462
123.914 233.005
112.802 241.829
119.778 243.134
127.855 243.998
136.477 242.402
143.372 239.844
76.9213 192.114
85.7119 184.828
98.3302 185.861
106.85 195.319
96.3886 196.669
85.7237 196.084
149.968 191.462
158.273 181.973
170.924 180.682
181.783 187.492
171.851 191.375
160.825 192.417
99.5925 265.019
108.15 259.824
118.897 257.81
129.965 258.733
142.545 256.288
155.529 257.357
168.15 262.141
160.513 275.622
148.747 285.708
133.276 289.15
117.854 287.234
106.708 277.996
116.96 263.235
130.465 263.832
146.313 261.692
150.027 276.531
132.117 281.174
116.062 277.497
