77.8327 122.832
88.5352 121.813
99.7304 125.079
110.385 130.075
119.686 136.83
165.095 148.689
177.595 147.504
190.136 148.727
201.542 151.525
211.085 157.295
136.932 169.557
132.306 186.616
127.948 203.854
123.831 219.409
109.319 217.722
115.553 221.946
123.149 225.125
131.454 226.221
138.927 225.037
91.3804 155.587
99.9512 153.101
109.425 156.249
115.734 165.7
105.452 164.905
97.2723 161.584
158.891 177.162
169.351 172.131
178.147 173.585
184.496 179.973
176.143 182.311
167.884 181.109
91.2041 231.796
101.426 232.692
110.966 233.488
120.13 237.225
129.245 238.435
137.569 241.445
146.626 245.434
137.043 250.567
127.053 253.11
115.75 251.795
104.922 248.045
96.3401 242.201
109.75 239.631
118.644 242.792
127.07 244.269
127.511 245.06
118.365 243.551
109.231 240.702
