61.18 177.38
72.8959 165.338
90.3449 160.649
108.196 163.002
125.407 169.662
168.034 170.194
179.767 163.686
192.894 159.776
204.885 161.924
210.399 173.719
146.365 192.13
147.55 210.615
149.502 228.181
151.304 245.724
125.368 256.492
133.467 258.398
142.393 260.093
149.465 259.292
154.976 257.747
76.5831 183.495
90.6994 178.624
104.163 179.754
113.751 189.971
101.386 193.347
88.2165 192.445
157.916 192.9
170.099 184.952
182.568 183.353
193.125 189.946
183.421 197.418
169.999 197.925
94.0672 283.18
109.512 281.418
123.013 278.652
136.524 281.215
143.751 280.029
150.113 283.889
153.871 287.23
149.084 297.71
143.415 307.286
131.709 311.694
115.853 307.204
103.31 296.339
117.958 288.195
134.144 290.494
144.262 288.784
143.723 292.49
133.011 296.891
116.013 292.982
