72.4646 165.434
81.9104 159.924
93.0795 157.593
104.882 158.05
115.891 161.915
149.721 165.18
159.711 162.091
170.343 161.218
180.342 162.862
188.222 167.864
131.837 186.273
132.135 198.489
132.636 210.467
133.354 222.341
118.683 234.549
124.735 237.445
132.458 238.67
139.961 237.31
145.836 234.578
87.3501 187.396
96.2589 181.087
106.319 181.663
113.104 189.806
104.465 192.056
95.3431 191.295
148.236 190.518
156.205 182.798
166.263 181.906
174.399 188.906
166.493 192.213
157.29 192.607
100.88 255.349
110.48 250.851
121.76 248.578
133.861 248.605
144.506 248.002
154.328 249.508
162.594 253.506
156.536 264.794
145.992 272.59
132.955 274.956
119.485 272.495
108.417 265.58
118.872 255.789
133.402 256.447
147.041 254.908
147.887 261.811
132.671 263.816
117.668 261.58
