65.9564 116.974
73.0113 110.342
82.4215 108.539
92.8191 110.265
102.204 115.156
143.735 113.061
156.166 106.551
169.707 103.001
183.549 104.574
194.848 111.415
125.009 137.31
125.697 153.499
125.835 169.243
126.591 185.454
113.192 191.299
121.07 193.712
129.755 194.65
138.819 191.956
147.563 187.687
80.9584 138.755
88.6551 132.226
99.5084 132.853
109.056 141.125
99.1426 142.627
88.9022 142.445
149.276 137.353
157.608 128.517
169.146 127.508
178.889 132.455
170.332 137.358
159.639 138.394
105.589 206.908
114.365 205.95
123.402 205.994
132.783 206.311
144.482 203.613
156.634 202.819
169.866 201.865
162.785 215.135
151.448 225.247
135.965 229.233
122.194 227.001
112.493 218.685
121.471 211.284
133.564 212.095
148.349 208.659
150.394 212.966
134.972 217.447
121.039 215.84
