66.1579 163.167
76.8096 155.081
90.7859 153.503
104.359 155.959
117.028 161.444
155.285 161.62
163.728 156.831
173.11 154.103
182.799 154.376
190.747 159.922
136.744 184.095
139.423 197.97
142.43 211.858
144.988 225.748
124.074 237.019
132.867 238.327
140.775 238.818
148.34 237.58
154.513 235.156
84.4931 186.681
94.8477 180.519
105.874 180.422
113.822 188.416
104.598 191.61
94.3152 191.365
153.916 186.396
162.092 178.921
172.715 176.736
180.716 182.361
173.146 187.551
163.467 188.511
106.595 259.64
118.072 254.574
129.965 251.187
142.208 252.13
150.881 250.2
158.819 251.411
164.122 254.287
160.036 265.15
152.656 274.071
141.261 277.095
127.079 276.228
114.995 269.675
126.752 258.206
141.411 258.904
152.081 257.014
152.767 263.075
141.248 266.274
126.257 265.086
