63.4575 168.648
73.0576 161.216
86.1181 157.867
99.6936 157.327
112.383 160.91
146.866 156.598
156.985 150.454
168.316 147.065
179.584 146.209
188.301 150.423
131.865 183.019
135.019 197.353
138.088 211.586
140.699 225.385
124.609 234.95
132.613 236.218
140.332 236.64
147.132 234.475
152.098 231.872
74.704 189.262
85.7556 182.117
98.3293 182.231
109.641 190.137
98.0841 192.891
86.1539 193.826
149.335 183.167
156.472 172.251
168.785 169.31
179.721 173.823
172.036 180.798
161.016 183.077
102.834 257.132
115.694 254.531
127.287 251.822
139.133 252.299
148.245 249.084
156.702 249.468
165.245 251.327
160.869 263.043
152.705 270.924
140.661 274.796
126.579 273.397
113.76 267.093
125.242 258.418
138.843 258.938
149.961 256.136
151.322 259.179
139.637 263.736
125.066 261.822
