74.7116 142.759
82.4356 135.663
92.7886 133.606
102.939 134.206
112.734 136.518
152.569 133.498
162.538 130.05
172.874 128.851
183.391 129.907
191.795 136.049
134.085 159.776
134.277 170.159
134.571 180.02
134.639 189.869
125.803 207.242
130.369 207.492
135.142 207.375
141.327 206.709
146.588 205.708
86.3181 162.755
94.0519 155.384
104.437 155.362
112.178 162.217
103.666 166.519
94.0405 166.957
156.778 160.038
163.112 152.233
173.961 151.841
183.167 159.154
175.397 163.495
165.465 163.841
109.973 233.252
118.062 227.968
126.799 224.709
136.483 225.006
147.484 224.139
157.315 226.271
166.937 230.424
159.071 236.826
148.842 240.334
137.764 241.106
127.286 241.086
117.982 238.449
127.599 232.169
136.866 232.794
148.274 231.01
148.655 232.191
136.969 233.492
127.103 233.04
