82.8856 157.056
92.8217 153.835
104.13 154.562
114.142 158.818
123.513 166.063
163.699 175.954
176.017 174.388
187.987 175.807
198.528 181.218
205.864 190.445
136.943 192.255
133.437 205.11
129.864 218.034
126.148 231.009
111.544 235.123
117.768 238.341
123.962 240.755
131.224 241.855
138.333 242.214
91.2137 182.063
101.645 178.434
112.005 180.698
118.712 190.895
108.582 190.125
98.8654 187.102
155.969 200.271
166.772 194.836
177.108 196.789
184.858 204.879
175.724 205.953
165.741 203.86
94.3571 254.33
102.609 249.789
112.579 248.775
122.082 252.894
133.199 253.78
142.339 259.595
149.672 267.71
140.938 276.582
129.023 280.685
116.381 279.224
104.516 274.307
96.8607 265.3
108.5 254.246
120.463 259.306
134.796 261.113
134.285 272.375
118.819 269.831
105.201 264.69
