64.4893 169.656
71.5879 163.136
82.0348 163.722
93.1079 166.28
103.565 171.63
144.495 167.689
157.19 160.572
171.09 154.574
186.385 151.227
200.804 156.534
126.316 188.098
125.889 201.018
125.317 213.816
125.096 226.464
118.821 239.092
124.01 240.466
130.365 241.088
138.863 239.551
145.995 236.715
77.4333 194.214
85.006 187.425
97.3029 188.268
109.316 194.554
97.7455 199.47
85.4724 200.243
153.87 190.457
161.675 181.129
175.318 180.421
189.602 185.593
178.327 192.112
165.24 193.526
107.959 267.371
115.334 263.583
123.396 260.899
132.33 261.893
144.271 259.631
156.296 261.146
169.408 263.944
159.867 273.861
148.303 281.777
134.696 284.627
123.423 282.713
114.376 276.446
121.567 267.201
133.646 268.633
148.779 265.787
149.325 267.76
134.497 271.118
121.456 268.897
