71.185 163.525
79.8265 160.408
88.5667 159.583
97.442 160.328
105.807 162.552
144.517 160.242
155.691 156.763
167.427 155.959
178.569 158.325
187.942 163.704
126.293 183.812
125.546 196.586
124.63 208.868
123.892 221.625
109.163 232.666
116.114 235.779
124.178 237.537
132.284 236.25
140.13 233.562
78.205 186.828
86.0368 179.938
96.754 180.076
104.695 187.382
95.5793 190.9
85.9699 190.76
151.087 186.909
158.954 178.758
169.868 177.9
179.011 185.47
170.383 189.43
160.351 190.231
95.4748 256.371
105.438 251.66
115.481 248.808
125.418 250.624
136.979 249.985
148.464 253.325
160.255 256.733
149.907 265.985
137.745 272.611
123.683 274.714
111.079 273.61
100.99 267.357
112.358 256.837
124.638 258.498
139.526 257.472
139.709 263.6
123.513 265.609
110.114 264.291
