76.1706 160.742
82.6894 155.587
91.5725 155.24
100.682 156.327
109.102 160.148
145.84 159.423
159.082 155.856
173.007 154.668
186.996 157.234
198.894 164.342
125.461 183.997
122.466 199.704
119.275 215.619
116.493 231.532
109.706 241.961
114.978 244.035
121.312 244.975
130.357 244.477
138.743 242.845
83.8363 184.852
92.0071 178.764
102.625 179.754
111.303 188.676
101.422 190.303
91.1365 189.273
151.806 188.761
160.819 179.491
173.097 179.514
183.818 186.153
173.851 190.19
162.47 190.174
100.819 259.467
107.564 258.444
115.338 257.247
123.959 258.882
137.625 258.131
151.45 259.472
166.182 260.697
154.659 271.214
140.955 277.433
125.543 279.472
114.57 275.893
107.84 268.425
114.187 264.864
125.189 266.567
142.593 265.834
142.719 267.374
125.46 268.718
115.258 266.663
