69.4504 164.84
81.5574 160.426
94.7756 159.28
108.5 161.89
121.827 166.523
161.022 166.171
171.271 162.75
181.351 160.982
191.155 161.187
197.917 166.374
140.83 190.366
142.209 204.105
143.543 217.888
144.347 231.011
125.416 242.263
132.655 244.035
140.189 245.686
147.973 243.646
153.465 241.309
79.3375 185.73
91.1298 178.856
105.203 179.715
115.373 190.44
103.044 193.414
89.5469 192.761
154.776 189.497
165.179 178.905
178.642 177.065
189.082 184.026
179.698 191.148
166.658 192.362
104.651 268.354
114.744 263.207
124.903 260.956
135.711 262.146
144.221 260.543
150.603 263.05
154.198 268.583
150.782 276.055
144.069 280.377
134.02 283.004
121.578 281.909
111.108 277.358
124.103 268
134.016 268.7
143.052 267.738
141.883 271.215
133.622 273.578
123.593 273.209
