68.4713 178.329
80.2856 171.236
94.4598 168.274
108.409 168.904
121.987 172.535
171.653 170.845
183.592 167.666
195.605 167.052
207.028 168.866
214.62 176.597
147.273 200.881
148.366 216.56
149.982 231.972
151.637 247.658
133.212 259.392
141.624 260.946
150.413 261.403
158.512 260.294
165.474 258.121
86.9024 201.523
97.6178 195.649
109.947 196.551
119.308 204.584
108.748 207.82
96.6684 207.542
169.743 204.626
178.495 195.478
190.026 194.13
199.951 199.546
192.22 206.514
180.668 207.479
114.261 286.036
127.145 282.724
138.585 279.133
150.671 280.081
160.169 278.403
168.765 280.373
176.057 284.008
169.297 292.288
160.648 298.24
148.388 300.901
135.389 298.979
123.849 293.828
136.065 287.102
149.332 287.612
159.966 285.592
160.45 286.989
149.234 288.446
135.617 287.621
