61.5355 173.736
71.2244 166.025
83.9741 162.239
97.2463 161.701
110.546 164.322
147.193 160.246
158.882 155.123
171.298 152.161
183.185 152.497
192.387 159.357
131.542 183.002
133.416 197.238
135.657 210.497
137.584 224.032
123.661 235.469
130.938 235.732
138.494 236.034
145.922 233.718
151.51 230.937
77.8907 190.2
87.4492 183.011
99.4593 182.087
109.793 190.614
98.9506 193.151
87.2829 193.8
150.636 185.256
158.242 175.008
170.457 172.367
179.503 178.247
172.028 183.447
161.308 185.893
103.177 260.996
114.592 255.243
126.527 251.641
139.715 252.161
151.202 248.734
161.803 248.788
170.733 251.507
166.379 266.065
158.112 277.54
142.949 283.998
126.344 281.771
112.909 273.578
124.166 258.613
139.437 258.456
154.943 254.192
158.128 268.276
141.136 275.178
123.003 273.054
