92.1875 152.289
99.5906 149.208
107.574 148.796
115.875 150.781
123.128 154.915
163.866 163.144
173.173 162.069
182.62 163.411
190.876 167.791
196.398 174.11
137.693 180.721
134.26 194.06
130.761 207.28
126.992 219.942
115.519 228.7
120.849 231.121
126.832 232.574
132.998 233.57
139.438 233.232
95.3132 176.976
103.768 172.472
113.156 174.231
120.038 182.089
111.072 182.999
102.323 181.532
158.915 189.094
167.572 184.121
176.788 186.251
183.202 194.337
174.536 194.971
165.935 193.117
97.1361 253.901
106.424 248.884
116.56 246.884
125.937 250.012
136.578 250.368
145.473 255.391
151.971 263.597
143.392 269.274
132.348 270.456
122.046 269.014
111.817 267.552
101.983 262.562
115.267 253.912
124.538 256.961
134.719 257.031
133.155 261.287
123.205 260.09
113.634 258.553
