77.0102 159.12
85.7886 153.734
96.4274 151.688
107.177 152.482
116.96 156.31
146.987 156.94
158.59 153.922
170.388 153.433
181.73 156.581
189.736 163.676
130.072 182.559
129.78 197.448
128.936 212.866
127.876 227.74
113.606 239.863
120.154 241.185
127.044 242.382
134.379 242.275
141.21 241.695
84.6684 185.513
93.5134 179.064
104.068 179.145
112.088 185.996
102.791 188.889
93.0267 189.007
151.443 187.115
161.005 182.382
171.669 182.689
180.293 188.783
170.889 191.395
160.805 190.847
98.391 265.985
107.167 262.394
117.044 260.246
126.535 262.619
135.793 260.449
144.716 262.911
152.691 268.338
146.928 277.826
137.161 283.805
126.089 284.977
114.76 282.254
105.544 275.334
114.123 267.617
126.521 269.691
138.253 268.728
138.642 272.219
126.563 272.44
114.178 270.422
