63.0754 149.37
72.0601 141.176
83.6732 138.331
95.927 139.665
107.613 143.495
148.336 139.228
161.471 135.194
174.759 133.101
188.019 134.887
198.232 141.994
130.842 167.86
130.916 182.629
130.795 197.698
130.998 212.239
112.504 223.608
121.278 225.184
130.643 225.388
139.955 224.973
148.935 223.248
78.7064 170.985
87.4419 166.111
96.8132 166.601
105.88 172.248
96.6156 172.802
87.6648 172.328
155.664 168.772
163.326 162.45
172.672 162.077
181.742 165.966
173.375 168.607
164.411 169.609
99.6745 255.58
107.098 246.909
118.123 241.654
130.267 242.574
143.649 241.281
155.751 245.838
165.811 254.237
157.34 264.618
146.035 272.427
131.853 274.932
118.11 273.066
107.532 265.683
117.892 251.242
130.206 251.226
144.71 251.125
145.465 260.476
131.766 262.582
118.442 260.623
