61.97 157.046
69.7707 148.12
81.0043 141.886
93.569 139.261
106.962 139.301
140.124 130.298
148.807 124.191
159.212 120.315
170.156 118.938
179.537 122.837
128.914 156.174
132.652 171.712
136.147 187.306
139.495 203.109
126.216 217.166
133.726 216.186
141.518 214.76
148.748 212.374
155.371 209.831
79.8123 171.94
87.4029 163.452
97.6723 160.976
107.322 167.362
98.8842 171.815
89.2876 173.729
149.326 155.84
155.206 147.288
165.048 143.334
174.795 147.859
167.643 153.19
158.65 155.618
107.404 240.462
118.31 236.451
129.902 233.194
142.655 231.151
153.195 227.306
163.957 225.649
174.007 221.941
167.085 233.704
158.706 243.56
146.332 249.272
132.142 250.133
119.054 247.034
128.191 239.761
144.2 237.272
157.918 232.35
158.354 234.429
144.269 239.302
128.019 241.901
