79.221 167.637
89.2253 161.465
100.291 159.486
111.276 160.917
122.46 165.57
151.588 171.308
157.198 168.3
163.046 166.453
168.39 166.885
171.486 170.16
136.29 186.889
137.107 200.467
138.152 213.649
139.766 226.297
117.935 231.146
124.174 233.393
130.333 234.521
133.776 234.33
136.839 233.485
86.2403 184.618
95.0216 181.458
103.245 181.29
109.321 185.938
102.283 187.444
94.1742 187.135
142.885 188.306
150.895 185.744
158.019 185.825
162.372 188.97
156.529 191.582
149.669 191.384
95.3232 255.81
107.086 252.917
117.382 251.43
127.261 252.726
130.904 251.483
133.247 253.515
131.688 257.489
129.466 262.195
126.505 264.886
121.277 266.526
111.748 264.435
102.846 261.642
114.709 257.058
124.743 258.388
126.975 257.463
125.643 256.477
122.881 256.886
114.196 256.395
