82.4186 160.666
88.5578 156.306
96.3109 154.376
104.453 153.781
112.582 156.407
151.917 154.055
162.967 153.726
174.101 154.977
184.762 158.071
192.244 166.123
130.359 184.549
128.467 198.692
126.398 212.921
124.611 227.195
110.933 238.048
117.539 240.073
125.54 241.669
134.599 241.318
142.648 240.197
87.5165 187.138
95.7247 182.398
104.478 182.858
111.84 189.617
103.426 191.823
94.6247 190.89
151.516 192.907
159.676 185.681
170.344 186.052
178.859 192.532
169.996 195.309
160.429 195.6
99.8829 260.352
107.891 255.589
116.875 253.802
126.261 255.543
138.092 254.853
150.225 258.301
161.88 264.601
150.837 271.213
138.16 275.717
124.968 276.422
114.984 273.736
107.07 267.864
115.529 262.565
126.455 264.865
140.506 263.839
140.819 266.951
126.621 265.988
115.916 264.603
