68.7632 119.25
76.0285 112.845
84.6011 110.173
94.4188 109.072
103.329 110.095
151.231 105.137
164.76 101.579
178.596 100.749
191.632 104.558
201.444 113.774
129.567 137.12
128.892 150.744
127.686 163.316
126.865 176.272
112.97 191.497
121.023 194.375
130.116 194.987
141.666 192.492
152.254 187.782
81.5279 142.139
90.6609 137.221
100.73 135.974
109.955 141.095
100.584 142.617
90.5764 142.804
154.685 135.688
163.785 128.79
174.076 128.639
184.491 132.309
173.666 134.533
164.664 135.627
100.375 215.279
109.461 209.302
120.458 205.553
132 205.027
147.057 202.466
162.515 203.414
177.924 206.542
169.039 224.062
155.012 236.505
136.612 241.161
121.001 239.806
108.881 229.65
118.255 214.3
132.732 213.673
153.121 210.045
157.08 223.504
136.146 229.104
118.231 225.948
