62.8246 179.709
71.4471 170.323
83.4861 164.847
96.9223 163.33
110.749 164.933
140.143 158.206
149.686 152.081
159.579 147.389
170.271 146.675
180.726 151.359
128.63 181.011
131.358 194.044
134.317 206.76
137.894 219.718
127.093 233.452
133.911 233.387
141.377 232.405
148.606 229.581
154.642 225.779
78.728 194.677
85.6081 184.238
96.9649 182.372
107.054 189.613
97.6808 193.77
87.6644 196.009
147.034 180.177
153.135 169.228
163.886 166.396
173.972 171.803
167.012 177.651
157.03 180.606
112.83 253.955
122.417 250.477
132.774 246.65
143.717 244.736
154.289 240.747
164.759 239.978
174.398 240.866
171.072 253.056
163.543 263.714
149.933 269.883
134.906 270.257
122.51 264.357
130.48 252.616
144.68 249.774
159.39 246.036
163.865 255.775
148.462 262.929
131.463 262.976
