72.0601 157.962
80.7006 153.065
90.3489 152.342
100.229 153.443
109.849 155.35
143.219 156.518
156.182 154.445
168.926 153.202
181.539 156.662
190.612 163.484
126.336 182.289
124.139 198.233
121.342 214.041
118.868 229.667
110.032 237.824
115.083 240.103
120.27 241.348
126.833 240.874
133.864 239.733
81.2891 185.783
89.9304 179.388
100.66 179.721
108.713 186.838
99.1912 190.691
88.9146 190.408
147.337 189.9
155.915 181.178
167.434 181.469
177.269 188.618
167.409 193.463
156.929 192.86
99.9999 262.889
106.297 257.981
113.101 255.561
120.237 257.887
130.893 257.578
140.527 261.965
150.346 265.792
140.311 271.996
129.854 275.811
118.432 277.065
110.024 274.809
103.516 270.109
113.602 263.493
119.166 264.788
129.155 264.814
128.236 266.01
118.277 266.185
112.419 265.181
