73.2173 166.742
81.746 157.964
92.8567 155.19
104.656 156.452
115.585 161.229
157.025 158.361
167.06 153.51
177.701 151.363
188.442 153.198
197.147 160.434
138.048 184.051
138.589 196.351
139.023 208.266
139.291 220.134
127.89 232.068
133.825 233.214
140.027 233.601
146.62 232.272
152.677 230.184
89.7502 184.932
97.2039 178.403
107.504 178.26
115.73 185.533
107.317 189.209
97.6563 189.194
159.426 183.548
166.241 175.258
176.453 174.458
184.915 180.97
177.535 185.175
168.21 185.654
113.706 256.61
122.685 253.109
131.305 249.575
140.717 250.295
149.564 248.307
158.581 250.102
167.97 252.769
161.104 260.687
152.342 266.836
141.495 268.982
130.731 268.655
121.525 263.451
129.434 256.281
140.969 256.836
152.393 254.648
152.689 256.538
140.93 259.082
129.302 257.536
