72.0394 164.188
81.216 157.227
93.5954 155.782
106.127 157.547
117.99 162.184
155.375 160.734
163.744 156.679
172.958 154.32
182.295 153.31
189.899 157.478
137.53 182.958
139.391 197.78
141.28 212.025
142.681 226.041
124.566 234.094
132.699 236.156
140.428 236.897
147.309 235.093
152.899 232.591
83.7478 186.764
93.9069 180.272
105.687 180.027
114.932 187.522
104.752 190.484
93.4173 190.391
153.523 184.602
161.427 176.914
172.502 175.553
181.061 180.358
173.84 186.57
163.563 187.334
98.2952 252.321
111.704 247.617
124.301 246.668
136.668 248.166
144.859 245.804
152.808 245.26
158.656 247.996
155.006 259.7
147.77 268.644
135.759 272.542
121.126 270.936
108.287 262.921
120.732 252.792
135.804 253.982
146.661 251.108
147.254 257.703
135.554 262.201
118.988 260.97
