67.4042 151.44
74.2776 144.686
84.7401 141.797
96.0803 142.031
106.818 144.751
147.921 141.37
160.87 135.382
174.516 132.963
187.285 136.069
197.99 143.756
130.972 165.816
131.217 179.189
131.75 192.543
132.271 205.821
115.867 216.061
124.284 217.863
133.271 218.933
143.966 216.947
153.059 213.749
80.6451 172.255
88.9944 167.903
98.8543 166.484
108.818 169.38
99.3319 169.222
90.0288 170.022
156.16 165.26
165.416 161.367
174.55 161.459
183.322 164.021
174.906 163.498
165.855 164.273
106.306 241.105
114.327 235.046
124.92 233.027
135.306 234.21
146.982 231.82
158.232 232.892
166.804 238.975
157.152 243.901
147.373 245.542
136.65 246.449
125.124 246.588
115.02 245.356
122.836 239.098
135.272 239.199
148.846 238.095
149.308 240.432
135.836 241.602
122.599 241.367
