98.4004 118.502
108.761 115.734
120.072 115.406
130.926 117.13
141.416 122.111
190.052 137.123
195.978 137.864
201.953 139.945
206.676 143.027
208.672 147.969
160.667 161.383
161.685 174.223
163.411 186.292
165.058 198.516
137.897 211.739
146.008 216.069
153.103 219.222
158.311 219.332
161.352 218.922
102.299 146.41
115.894 141.218
129.192 144.747
132.645 157.252
123.091 157.788
111.251 154.017
168.992 169.597
181.122 161.18
192.272 162.893
195.273 173.966
189.078 178.562
178.31 175.686
101.829 234.855
117.228 231.639
133.214 231.095
148.007 235.523
156.282 236.037
162.975 241.63
161.206 250.363
157.58 257.247
150.029 259.791
140.263 259.12
125.556 253.733
112.026 245.378
126.226 237.131
145.04 243.763
153.056 244.926
151.871 251.248
142.376 250.442
123.777 244.478
