65.8227 168.414
71.1548 158.816
81.5767 153.56
93.1772 151.696
104.328 153.639
138.177 145.889
149.627 140.082
162.552 137.647
175.619 138.715
185.83 145.373
126.552 171.643
127.689 183.922
128.64 196.362
129.274 208.375
120.094 221.065
125.841 221.477
132.469 221.206
140.157 218.935
147.115 216.174
81.8419 185.335
87.7941 175.778
98.4565 173.878
108.219 179.325
100.376 184.17
90.7644 186.327
148.803 170.832
155.124 161.635
166.54 160.196
176.343 166.57
167.945 170.277
158.039 172.114
112.24 251.568
116.762 242.475
124.928 236.406
135.097 235.119
147.235 232.189
159.184 234.146
169.251 240.287
162.18 248.981
152.25 254.888
141.279 258.269
130.624 259.613
120.595 257.858
125.392 244.183
137.164 241.191
151.561 239.46
152.388 245.827
139.179 249.439
127.648 250.638
