69.9731 162.861
78.6256 156.77
88.6977 153.594
99.4667 153.1
110.009 156.01
145.65 160.657
158.813 159.972
171.299 162.629
182.091 168.452
190.989 178.015
125.547 184.953
121.876 198.52
118.111 212.494
113.823 226.519
103.67 234.078
108.393 237.157
114.77 239.992
123.445 239.284
131.374 237.856
81.3809 181.079
89.6295 175.033
99.3415 176.971
106.782 184.96
98.0439 184.687
89.4159 183.549
149.41 190.89
158.286 184.394
168.21 185.939
175.681 194.326
166.619 193.567
157.747 193.205
81.5345 256.582
90.7365 250.726
102.818 250.237
115.367 251.919
131.252 253.805
145.073 258.433
155.373 269.057
144.936 279.943
130.78 287.46
112.788 289.256
96.8137 282.778
87.35 270.687
99.1259 255.231
115.706 259.264
133.648 261.097
134.569 280.662
114.186 281.818
95.6118 273.755
