75.8993 159.669
83.9993 154.429
93.4553 153.479
103.268 154.166
112.639 156.685
143.758 158.517
155.011 156.321
166.618 155.993
177.802 158.589
186.56 164.771
127.415 181.914
126.401 194.444
125.473 206.704
124.329 219.251
112.696 229.634
118.388 232.486
124.813 233.815
132.383 232.614
138.934 229.796
84.8489 182.049
92.2014 177.995
101.602 178.489
108.836 182.882
100.879 184.163
92.1046 183.476
149.592 184.458
157.899 180.893
166.956 181.026
174.197 186.234
166.386 186.641
157.833 186.382
96.6998 254.688
104.839 247.275
114.601 243.273
124.843 243.921
135.467 244.32
144.769 249.02
153.076 256.483
146.765 265.986
136.016 271.685
123.801 272.833
112.02 270.671
102.428 264.61
111.589 251.66
124.736 252.196
138.097 252.342
138.179 262.399
124.252 263.11
110.678 261.402
