72.5912 162.08
80.0722 156.114
89.8864 153.694
100.047 153.263
109.767 154.502
157.583 150.8
169.066 150.694
179.668 153.33
188.972 158.917
196.39 166.752
132.487 185.189
131.891 198.886
131.605 211.822
131.169 224.739
115.071 239.871
122.089 241.331
129.894 242.101
138.274 241.609
146.452 240.843
85.0548 185.391
92.2656 180.122
101.302 180.209
108.54 186.155
100.741 187.919
92.4161 187.595
156.407 186
163.618 179.194
172.65 179.177
179.73 185.031
172.762 187.481
164.437 187.887
100.642 267.519
110.297 261.693
121.257 259.462
131.464 260.953
142.513 259.122
153.675 262.244
163.547 268.507
153.864 275.876
141.908 280.277
130.214 281.292
119.633 279.134
108.925 274.879
118.905 269.079
131.306 270.474
145.128 269.082
144.275 270.26
129.892 270.842
117.675 270.16
