62.585 131.194
73.3649 126.314
85.5504 125.337
97.937 126.513
110.17 129.858
165.046 130.493
175.758 126.618
186.442 125.172
196.882 126.986
204.2 133.578
137.419 157.47
137.393 172.998
137.449 188.241
137.141 203.505
115.951 212.641
125.652 216.5
136.395 218.856
146.043 216.768
153.661 212.8
76.6046 156.478
89.4586 148.849
102.229 147.97
110.636 158.358
99.9482 160.986
88.3392 160.382
159.226 157.657
169.898 149.509
181.819 147.933
190.817 155.557
182.354 160.715
170.761 160.671
97.6856 243.519
109.245 236.314
122.224 232.694
134.773 234.374
146.724 231.569
157.244 233.744
164.928 240.6
159.251 252.337
149.011 261.942
134.253 266.224
118.955 264.268
106.027 255.433
119.842 241.342
134.428 242.428
147.841 240.656
148.512 247.617
133.51 252.596
118.403 249.655
