80.7161 136.476
89.1415 130.772
98.628 128.461
108.532 128.542
118.368 131.253
153.922 130.31
164.245 128.2
174.657 127.986
184.081 130.231
191.997 136.212
136.183 157.004
135.955 171.176
135.703 184.851
134.936 198.714
120.369 205.012
127.396 207.592
135.514 209.491
144.258 207.498
151.792 204.14
91.2434 157.413
99.0647 151.482
108.679 151.485
116.316 158.389
108.032 159.599
99.1712 159.478
157.241 158.224
164.013 151.845
172.684 150.665
179.67 156.304
173.291 158.721
165.594 158.989
107.063 224.904
117.203 223.408
126.971 221.249
137.325 222.32
147.858 220.779
157.667 222.628
167.774 224.45
159.899 235.924
150.148 243.825
136.884 246.745
124.256 242.983
115.42 234.508
123.971 227.838
137.641 228.455
151.268 227.12
152.706 233.839
137.628 237.785
123.29 233.769
