58.8478 180.074
67.554 169.065
80.1013 162.89
94.4021 161.574
108.923 163.795
143.516 155.497
156.333 150.053
170.251 148.654
183.759 153.044
194.213 162.954
131.904 190.055
133.833 204.584
135.877 218.959
137.728 233.425
125.161 254.843
132.043 253.721
140.327 253.356
148.22 252.03
155.105 251.584
78.9762 201.261
87.3903 194.981
97.2145 193.228
107.013 197.81
97.7781 200.161
88.2143 201.128
154.682 190.493
163.412 183.585
173.569 182.832
183.351 187.058
173.98 189.821
163.907 191.278
111.146 293.855
120.359 284.332
131.706 277.283
144.645 275.934
157.916 273.647
170.819 276.832
181.945 283.489
172.072 289.973
160.478 294.85
147.848 297.624
135.776 298.835
123.313 297.233
133.026 286.93
145.555 285.454
158.683 283.441
159.205 285.5
145.782 287.703
133.202 288.974
