76.6978 148.245
89.8936 145.907
103.436 147.935
115.787 154.521
126.188 163.7
157.536 173.134
168.308 169.445
179.81 168.439
191.233 170.844
199.658 177.971
137.422 185.367
134.737 199.604
132.253 213.546
129.128 227.978
105.921 230.758
114.117 236.684
123.682 241.496
132.931 241.943
140.174 240.129
82.4975 170.547
93.5108 168.236
105.033 171.515
111.668 182.055
101.261 181.942
90.3032 177.791
153.008 193.823
164.061 187.952
175.896 190.169
183.617 198.206
174.078 201.316
163.326 199.046
76.6098 243.17
90.1207 242.161
104.017 244.131
117.052 250.07
127.728 251.137
136.938 255.863
143.063 262.967
133.534 272.226
122.057 278.407
107.363 277.902
92.4495 269.605
82.3114 256.709
96.5986 248.752
114.082 256.504
128.768 258.888
126.683 269.044
109.425 268.383
91.3853 258.313
