59.4104 174.581
69.1072 168.901
79.6582 166.067
89.7641 165.233
100.279 165.23
131.99 153.281
141.655 144.871
152.729 138.252
165.1 134.727
176.807 136.47
122.016 179.809
126.137 194.717
129.864 208.642
133.629 222.391
120.459 238.531
129.364 237.043
138.322 235.067
146.121 231.94
154.042 228.372
76.1936 195.583
83.7001 189.455
92.3336 187.576
101.115 190.61
93.7648 194.181
85.0095 196.424
147.002 176.368
152.525 169.007
160.824 164.898
170.024 165.673
162.978 171.645
154.863 175.078
110.233 263.75
121.721 259.758
132.725 254.485
144.522 253.394
155.058 248.109
167.305 246.734
179.525 243.822
172.52 256.395
162.154 265.57
149.521 270.613
136.004 272.568
122.326 269.974
129.273 262.743
146.557 260.606
162.49 252.979
162.371 254.13
146.19 260.289
129.921 263.578
