74.2369 171.164
83.9486 165.285
95.6487 163.638
107.483 163.912
119.705 167.465
159.599 167.551
170.664 163.852
181.744 163.203
191.208 165.191
197.954 171.254
140.947 190.893
141.303 206.235
141.827 221.18
142.118 236.506
127.656 242.933
134.292 244.115
140.439 245.092
147.533 243.853
153.637 242.167
90.2392 188.294
100.279 183.628
111.027 183.861
119.579 191.813
109.393 194.069
98.7722 193.607
158.506 191.495
166.193 183.218
177.544 182.211
186.539 187.587
178.798 193.179
168.427 193.993
108.147 264.598
118.547 261.523
128.626 260.196
138.153 262.494
147.1 259.765
155.855 260.578
164.019 264.043
159.448 274.401
150.84 281.751
138.929 283.982
126.029 281.394
115.362 274.5
127.38 265.806
138.413 267.55
149.043 265.435
149.942 268.863
138.82 271.125
127.465 269.48
