62.8481 175.25
73.225 166.395
86.3871 162.61
99.5258 161.349
112.182 163.721
139.492 157.672
150.934 153.423
162.405 151.776
173.719 152.911
184.886 158.527
130.242 182.342
132.668 194.445
135.108 206.638
137.354 218.713
121.355 233.974
128.159 234.45
135.789 234.653
143.83 232.789
150.54 230.182
79.4772 194.196
88.3382 187.367
98.6851 186.349
108.19 191.459
98.7473 192.561
89.2789 193.43
149.336 184.12
156.859 176.463
167.002 175.02
175.3 180.358
167.152 181.68
158.386 183.258
103.821 261.681
112.704 252.407
124.208 246.907
136.978 245.676
148.34 243.728
159.285 246.29
167.296 253.23
163.242 266.072
154.498 277.002
140.118 281.562
124.517 280.632
112.249 273.094
120.363 254.351
137.554 252.368
151.923 250.628
154.137 266.37
138.687 272.115
120.202 270.59
