66.6546 166.262
76.5864 158.669
89.2507 155.701
101.963 156.489
113.531 160.659
151.135 160.743
160.835 157.11
171.07 156.113
181.56 157.454
190.725 163.409
134.661 182.91
135.928 194.938
137.612 206.833
139.243 219.104
121.857 230.039
129.522 231.477
137.914 231.929
146.067 231.217
153.126 229.241
81.9101 188.317
90.2633 183.074
100.896 182.895
110.208 188.217
100.791 192.115
90.6933 192.418
153.093 186.711
160.558 180.607
170.687 179.985
179.157 184.585
170.813 188.484
161.434 189.398
103.015 252.546
114.053 246.52
126.193 243.489
138.568 243.828
148.999 243.025
159.088 244.933
166.57 249.777
161.162 261.067
151.414 268.959
138.209 271.871
123.668 269.786
111.558 263.157
122.899 249.476
138.319 249.91
150.743 249.079
152.569 260.876
138.013 264.104
121.048 261.479
