73.7372 166.781
82.3013 160.709
92.8893 157.867
103.65 158.713
113.983 161.002
160.518 161.242
170.846 159.944
181.342 160.993
191.042 163.811
198.905 169.214
136.424 186
135.908 201.056
135.215 216.035
134.087 230.522
117.977 241.474
125.374 243.604
133.695 244.759
142.026 244.306
149.628 243.644
87.8663 182.825
95.924 180.155
105.305 180.658
114.337 185.424
105.558 185.552
95.6749 185.046
160.703 186.954
168.07 182.688
177.493 183.336
186.665 188.456
177.845 188.659
168.927 188.347
103.273 269.181
111.589 264.346
121.717 263.327
131.501 265.381
141.66 264.843
151.598 267.568
160.891 273.518
151.934 276.89
142.583 278.71
131.843 279.165
121.367 277.564
111.894 274.514
119.37 269.925
131.7 271.575
144.744 271.486
144.893 272.792
132.004 272.915
119.167 271.538
