73.4674 168.473
82.2834 163.698
92.5911 162.755
103.141 163.215
113.365 165.365
145.841 164.631
157.499 162.542
169.51 162.415
180.801 165.355
190.113 171.477
128.223 187.282
128.662 200.654
129.146 214.271
130.181 227.763
116.894 240.463
123.626 242.857
131.811 244.11
139.58 242.525
146.356 239.897
82.5236 187.344
90.6814 181.69
101.579 182.139
109.746 189.041
100.509 190.878
91.0018 190.306
150.066 189.525
158.434 182.535
169.02 182.004
178.173 186.888
168.982 189.604
159.173 190.739
105.369 266.585
114.206 262.839
123.913 260.841
133.95 261.227
143.44 259.406
153.001 260.049
161.469 262.493
153.449 270.737
144.111 276.49
132.992 278.991
121.849 278.447
111.643 274.509
121.111 267.568
133.574 267.753
145.161 265.461
145.269 266.968
132.859 269.816
120.191 269.472
