71.7942 121.09
78.2218 114.798
87.6215 111.512
97.6368 111.203
107.33 114.449
152.743 111.311
162.078 108.92
171.935 109.049
181.264 110.855
187.837 116.832
131.599 136.724
132.253 148.568
132.844 160.408
133.431 171.851
121.161 184.232
127.36 185.728
133.258 186.286
139.173 185.381
144.775 183.48
84.6627 141.265
91.3764 133.735
101.923 133.089
110.631 140.094
101.485 143.633
92.3071 144.046
150.238 137.457
157.648 129.194
167.868 128.56
176.267 134.574
168.341 138.854
159.141 140.016
107.01 211.487
114.628 205.317
123.748 201.887
133.432 202.906
143.482 201.222
152.405 204.482
160.191 209.393
152.35 214.258
143.823 217.676
133.82 218.64
123.859 217.764
115.132 214.919
124.481 208.686
132.938 208.811
141.797 208.417
142.696 209.806
133.724 211.039
123.953 209.832
