81.4729 171.333
86.8128 166.416
94.1333 165.691
101.097 165.865
108.091 166.81
140.125 160.463
149.343 155.716
159.609 152.68
169.963 152.49
179.732 155.442
126.095 187.325
126.861 202.186
127.131 217.036
128.608 231.929
123.084 240.782
129.187 242.964
135.341 243.228
141.088 241.664
147.282 238.53
91.773 196.755
98.1085 196.873
105.167 195.96
111.174 193.243
104.921 196.782
98.2712 198.032
149.286 185.657
155.974 185.941
163.777 184.719
171.846 182.788
164.135 185.772
156.196 186.63
119.846 268.823
125.241 263.327
131.734 259.243
139.176 260.62
149.228 258.158
159.533 260.532
170.116 264.254
163.706 273.719
154.274 280.068
143.773 282.754
134.185 281.256
126.377 275.611
129.754 265.32
140.655 264.473
153.745 263.675
154.854 269.685
142.112 272.368
131.128 270.787
