86.8314 151.606
97.0538 150.196
107.337 151.072
116.795 155.149
126.554 160.217
158.492 167.952
166.63 164.843
174.604 163.161
183.372 162.25
189.456 166.346
137.169 184.625
135.895 196.705
134.98 209.24
133.981 221.985
111.925 230.297
120.099 233.36
128.784 236.219
135.856 235.836
142.084 234.93
84.808 176.758
93.5134 177.749
103.516 179.317
112.895 181.578
103.14 182.778
93.3629 181.154
154.778 187.462
163.199 187.696
171.912 189.102
180.89 190.45
171.946 192.6
162.601 191.082
93.3539 252.906
104.573 249.915
115.774 249.833
126.67 252.946
134.63 252.391
141.44 255.214
146.097 261.097
138.118 264.904
130.404 268.185
120.846 269.01
110.001 265.913
101.398 259.992
110.686 255.883
124.671 259.87
134.558 259.788
134.455 261.056
123.139 260.843
109.313 256.256
