70.6158 148.111
79.3246 143.798
89.9857 141.528
100.821 141.855
111.531 145.013
161.314 137.352
173.458 133.612
186.331 132.939
198.341 135.951
208.18 141.436
137.17 172.73
136.774 185.442
136.333 197.171
136.026 209.337
121.122 224.717
129.242 226.013
138.024 225.839
148.082 224.683
157.287 222.198
86.2845 174.955
94.7465 168.686
105.324 167.815
115.529 173.628
106.083 176.517
96.2495 176.823
162.555 169.678
171.336 162.201
181.624 162.095
192.355 168.283
182.271 171.09
172.259 171.667
107.01 253.353
115.916 245.92
126.738 241.314
138.571 241.606
152.454 240.228
165.637 243.865
178.507 250.41
168.919 260.702
156.396 269.701
141.205 272.926
126.87 271.051
115.649 263.332
126.213 250.212
139.567 251.118
155.815 249.357
157.093 256.367
140.539 259.191
126.118 257.488
