66.7614 163.221
76.1073 157.004
86.9983 155.336
97.7947 155.154
108.539 157.409
146.146 149.511
156.187 143.773
167.06 139.935
178.465 137.622
190.007 138.951
131.082 171.815
133.268 186.791
135.466 201.776
137.571 216.796
126.048 224.71
132.805 226.19
140.093 226.219
147.654 223.325
153.705 219.296
83.9176 179.319
92.011 173.311
102.452 172.705
111.716 179.293
102.23 182.253
91.9346 182.762
153.494 170.933
159.573 161.396
169.48 158.078
179.781 161.166
173.393 167.377
163.528 170.374
116.731 243.328
125.866 242.073
134.318 240.36
143.276 240.867
151.858 237.052
161.275 235.666
170.805 233.969
164.898 244.512
157.104 252.566
146.482 256.989
135.238 256.472
125.568 251.145
134.44 245.374
144.34 246.155
154.227 242.07
154.681 242.667
144.664 246.423
134.382 245.943
