79.7991 169.388
90.9874 165.096
103.042 164.523
115.121 166.25
126.324 171.412
164.43 176.607
176.136 172.018
187.979 171.121
199.221 173.449
208.097 179.46
143.536 195.423
142.17 211.145
141.161 226.335
140.267 241.378
123.609 250.873
131.115 252.945
139.966 254.281
148.895 253.936
156.753 252.312
95.9355 193.492
104.102 188.444
114.171 188.218
122.228 195.392
112.965 197.824
103.434 196.97
164.973 197.983
174.032 192.225
184.176 192.385
192.317 198.321
183.887 201.074
174.554 200.855
107.533 273.287
116.894 270.886
127.201 269.755
137.955 272.055
148.341 270.917
158.37 273.936
167.99 277.735
158.79 285.201
147.431 289.647
135.449 289.997
123.957 288.045
114.324 282.365
126.048 277.254
137.429 279.362
148.318 278.952
147.84 280.636
136.536 280.432
125.591 278.631
