68.4009 171.001
74.3483 164.683
83.8557 163.476
93.9979 164.53
104.582 168.553
140.323 163.114
155.135 157.685
170.139 154.456
185.425 155.306
199.604 160.962
122.99 191.949
121.664 206.936
119.913 220.998
118.656 234.895
112.107 248.086
117.424 248.775
126.032 249.082
133.611 246.703
141.713 244.451
77.206 193.388
84.5254 186.483
96.577 186.283
107.637 193.951
96.326 196.836
84.9823 197.217
151.334 191.407
160.433 181.548
173.245 181.204
185.561 186.781
174.742 190.843
162.642 192.098
110.247 271.728
113.116 265.773
120.566 264.653
129.595 264.835
143.904 262.669
158.292 263.009
171.919 267.736
162.743 279.169
150.332 287.19
134.786 292.311
121.368 289.017
114.334 281.73
121.765 271.448
130.658 272.679
148.157 269.393
150.229 277.522
133.091 282.056
122.647 278.715
