71.4999 165.953
80.6783 160.724
91.4725 158.364
102.313 160.217
112.545 164.955
157.284 168.891
166.178 164.525
175.969 163.436
185.345 165.591
192.672 171.168
134.941 190.071
135.356 204.108
135.847 218.138
136.118 232.117
120.872 242.26
127.924 243.652
134.986 244.125
141.598 243.301
147.604 241.197
87.0933 187.992
95.3163 183.262
104.772 183.908
111.635 190.007
103.562 191.482
94.7239 190.814
154.544 190.592
162.15 185.829
170.514 185.663
177.011 189.346
170.076 191.727
162.386 192.083
103.595 265.096
114.412 262.074
124.546 258.603
135.503 259.074
144.447 257.533
152.613 260.019
160.468 263.219
153.199 269.088
145.304 273.571
135.569 275.827
124.21 274.156
113.596 270.204
121.001 266.429
135.057 266.568
146.323 265.186
146.745 265.037
134.971 266.943
120.721 265.559
