65.8612 155.816
69.8826 146.059
77.4473 138.878
87.2569 134.197
98.2132 132.937
152.609 125.866
163.704 123.984
175.041 124.654
185.105 128.195
193.364 134.237
129.152 163.891
130.633 179.236
131.973 194.911
133.627 210.908
119.523 221.499
127.199 222.239
136.001 222.209
145.547 219.928
154.575 216.922
82.0351 171.614
89.1421 163.897
98.9033 162.54
108.471 168.553
100.345 170.118
91.2554 171.467
154.76 161.94
160.856 152.264
170.934 151.126
181.559 156.529
173.14 159.212
164.035 160.458
113.183 251.503
119.576 245.744
129.284 242.521
139.827 242.427
151.192 239.984
162.314 240.369
172.506 243.454
165.516 252.92
155.798 259.103
143.481 262.427
131.377 261.877
120.743 258.51
128.094 250.357
140.346 249.955
154.889 246.85
155.446 248.39
140.859 251.03
128.009 250.86
