60.1413 161.182
72.2955 154.562
86.7269 152.297
102.183 154.083
116.523 160.35
147.68 157.805
161.231 150.622
177.193 148.165
193.154 148.99
206.437 156.134
130.62 180.031
131.448 196.66
132.316 214.019
133.319 231.531
118.402 242.235
126.063 244.146
134.362 244.749
142.907 243.078
150.257 240.212
78.9947 185.117
87.5318 178.478
98.5237 178.444
109.265 185.645
98.5814 187.684
88.1743 187.748
154.589 184.562
163.189 176.189
174.12 174
184.982 179.925
175.769 184.284
165.71 185.485
102.39 268.425
112.307 263.355
123.179 259.786
134.868 261.036
146.384 259.549
157.568 261.459
168.388 263.617
159.551 274.387
148.762 281.926
134.795 285.19
121.586 283.961
111.021 278.256
121.699 271.024
134.782 271.141
148.777 269.043
149.313 269.417
134.577 271.691
121.261 271.487
