72.793 153.82
83.0821 151.712
93.1288 151.61
103.09 153.906
112.825 158.306
146.603 157.423
158.55 152.83
171.779 152.689
184.605 154.916
197.218 160.397
129.994 182.081
128.42 195.462
126.488 208.551
124.022 221.585
110.576 233.442
117.793 235.857
126.169 237.175
135.577 235.703
143.186 233.462
83.7081 177.544
92.7082 172.488
102.053 173.732
110.204 180.871
101.207 184.028
91.4089 183.176
153.895 180.868
162.64 172.914
172.912 173.437
181.81 180.326
173.315 184.035
163.485 183.871
102.417 259.06
108.677 254.432
116.645 251.779
125.121 252.799
137.167 251.488
149.138 254.629
159.914 260.595
150.048 270.252
138.417 276.166
124.713 278.062
114.617 275.775
106.49 269.465
117.414 262.185
125.11 262.966
137.314 261.912
138.167 265.793
124.709 267.676
116.019 266.513
