66.6033 150.51
76.4427 143.072
89.0665 139.835
102.18 140.246
113.449 144.421
143.585 147.234
152.545 143.435
162.581 143.071
172.306 146.291
180.375 153.12
130.648 174.945
131.984 187.363
133.823 198.761
135.475 209.315
117.64 224.064
125.004 225.453
132.547 226.11
139.588 225.38
146.483 224.373
83.3587 176.791
90.6336 172.509
99.2937 172.351
106.425 177.516
98.6945 180.61
90.5207 180.342
146.238 178.051
153.429 173.167
161.682 173.6
168.523 179.202
161.016 180.727
153.358 180.788
102.565 258.092
111.827 250.238
121.972 245.285
132.983 245.137
142.784 245.428
151.144 250.73
157.866 259.42
150.506 264.19
140.909 265.196
131.569 265.065
121.173 264.125
110.776 263.265
121.078 253.913
132.26 253.795
142.53 254.388
141.942 257.095
131.973 256.081
120.71 256.344
