66.2142 167.336
76.0115 160.947
87.9929 158.336
100.305 158.202
112.274 161.311
155.003 162.567
163.342 158.002
171.903 156.533
180.61 156.469
188.8 161.081
135.85 181.754
137.178 195.873
138.7 209.363
139.757 223.059
119.341 235.493
128.063 237.544
138.272 238.695
146.646 236.996
153.813 234.069
81.0274 187.758
90.2014 183.405
101.407 183.178
110.633 189.691
101.019 191.415
90.7727 190.184
153.018 186.884
161.146 179.7
171.811 178.046
180.764 182.257
173.32 186.07
162.798 187.728
96.9973 258.092
109.509 253.834
122.683 251.362
136.566 251.212
146.43 249.742
155.7 250.799
165.509 252.781
158.784 266.086
149.568 277.461
135.554 282.293
119.478 279.362
107.325 270.258
119.35 259.718
136.396 259.877
149.215 256.591
150.155 266.041
135.627 271.422
117.834 268.874
