69.0219 146.776
77.7339 143.266
88.2822 142.525
98.6744 144.979
108.546 149.302
148.126 148.543
160.251 143.335
173.053 140.455
186.24 141.778
197.41 146.513
128.816 169.221
128.47 185.852
128.339 202.038
128.226 218.132
113.713 222.814
120.732 226.536
129.805 228.564
139.632 226.517
148.278 222.361
80.8143 169.446
89.8727 162.004
102.267 163.734
110.112 173.963
98.9571 175.642
88.4909 174.86
153.834 172.973
162.293 163.013
174.462 161.559
184.007 169.193
175.42 173.877
164.827 174.837
103.971 238.375
111.521 236.213
121.334 236.757
131.305 238.706
142.917 236.395
154.648 236.591
166.745 238.243
158.595 250.579
147.321 260.645
132.873 263.838
119.464 261.21
110.192 251.231
118.928 241.894
132.027 243.685
147.445 241.543
149.211 248.767
132.962 252.579
118.454 248.706
