63.2121 151.799
73.0225 144.918
84.0448 142.405
95.5791 141.456
106.689 143.402
140.839 140.748
152.35 136.684
164.155 134.285
176.232 134.188
186.999 138.256
127.206 165.911
129.34 181.416
131.473 197.125
133.556 211.966
122.252 220.613
128.419 222.076
134.355 222.091
140.767 220.727
146.994 217.872
77.9368 174.547
85.5623 168.933
95.4431 169.438
104.826 174.555
95.7592 178.093
85.7584 178.212
150.267 167.754
156.188 160.266
165.742 159.031
174.982 162.563
167.646 167.535
158.608 169.057
112.337 246.456
118.687 240.781
126.537 236.136
134.959 236.91
143.88 234.007
153.006 236.408
162.372 239.247
154.763 247.815
146.628 253.79
136.591 256.641
126.737 255.917
118.488 251.924
125.556 243.722
135.183 243.703
145.621 241.333
145.268 243.252
135.114 246.148
125.561 245.17
