73.7989 155.693
80.9689 150.711
90.3369 152.177
99.6106 156.541
107.726 163.548
151.956 167.31
163.496 162.17
176.341 159.692
189.175 162.178
198.612 170.136
125.346 187.178
122.762 200.75
119.815 213.542
117.312 226.587
107.555 231.966
113.018 234.857
119.464 237.127
127.677 236.808
135.208 235.414
83.278 178.801
91.4324 172.906
101.965 176.204
109.234 185.838
99.0644 185.849
89.7446 183.832
151.995 190.887
161.064 182.657
171.998 183.587
180.346 191.54
171.521 193.408
161.656 192.737
97.6868 245.458
104.075 244.724
112.053 247.075
120.856 249.882
132.788 249.222
144.851 249.763
156.903 252.34
147.786 263.988
135.643 272.383
120.632 273.909
108.477 269.383
101.154 258.89
109.633 250.865
120.851 255.286
136.689 254.824
137.043 263.7
120.094 265.947
107.595 258.955
