70.4492 138.256
80.5028 131.104
93.6589 129.685
106.772 132.789
118.693 139.956
158.439 145.49
169.035 141.544
180.481 141.669
190.494 146.528
197.132 153.917
134.708 167.443
133.861 182.349
133.342 197.083
133.114 211.744
115.384 216.768
122.691 220.387
131.127 222.712
138.981 222.092
145.815 220.411
85.6572 162.642
95.0157 156.977
105.389 159.145
111.22 168.052
102.25 169.177
92.6355 168.003
155.724 174.059
164.055 166.638
174.235 167.057
181.55 173.757
174.098 176.611
164.398 176.709
94.1715 235.273
105.704 232.577
117.62 231.631
130.108 233.852
140.505 233.75
150.791 235.344
158.792 239.699
150.411 250.442
139.925 258.962
125.472 262.631
110.215 258.201
99.7202 248.216
113.669 237.633
129.71 240.393
141.164 239.71
141.677 249.21
126.568 254.104
109.93 248.953
