74.6451 169.871
80.0275 163.842
87.8638 161.289
96.2559 160.33
104.04 162.908
142.393 154.537
154.036 151.469
165.691 151.112
177.819 152.264
188.684 156.406
125.564 182.031
124.314 194.37
123.347 206.165
121.644 218.415
116.486 232.305
121.282 233.866
127.274 234.561
135.151 232.829
141.596 230.29
83.1151 190.121
89.9139 182.922
99.1874 182.856
107.048 189.27
99.3618 191.99
90.9709 192.291
154.25 182.118
160.144 175.12
170.42 174.205
179.296 179.595
171.519 183.295
162.415 184.362
105.499 260.934
107.72 251.749
116.35 247.022
127.304 246.536
142.023 246.872
155.869 249.459
167.042 256.823
156.963 266.22
143.689 270.549
128.791 272.455
117.888 271.948
108.788 269.42
114.918 252.69
127.658 252.289
146.511 252.582
147.267 264.816
128.544 266.96
115.724 265.925
