73.4981 188.575
77.5598 178.661
85.3539 171.397
95.2744 168.331
105.219 168.923
143.672 159.905
154.616 156.736
166.241 157.221
176.263 162.417
182.439 171.465
128.077 192.646
129.627 204.259
131.195 215.454
132.496 226.778
120.79 237.353
126.313 237.37
133.044 236.407
138.547 235.222
143.452 233.338
87.3931 204.182
94.5994 200.556
102.377 198.487
110.484 198.794
103.255 200.387
95.1707 202.079
144.541 192.683
152.489 190.36
160.192 190.502
167.687 192.138
160.342 192.116
152.5 192.424
111.8 256.293
118.63 253.367
125.812 250.914
133.898 249.918
142.651 248.061
151.035 248.028
159.825 249.438
156.027 258.925
149.975 267.569
139.098 271.446
127.939 269.901
118.906 264.512
124.073 255.273
134.75 255.131
147.511 251.854
151.529 259.911
137.76 266.047
124.431 262.732
