71.4483 171.376
78.7934 162.335
89.496 157.146
101.511 156.753
113.454 160.128
145.756 157.23
158.396 152.124
171.784 150.158
185.027 153.67
195.225 162.08
131.641 188.027
131.839 204.065
132.068 219.174
132.356 233.619
117.575 242.479
125.587 245.047
134.263 245.849
144.03 243.383
152.337 239.515
87.3302 195.372
93.6845 190.191
102.141 189.639
110.603 193.19
102.545 194.716
94.8382 195.452
157.076 186.896
163.746 182.332
172.307 182.057
180.587 186.026
172.586 187.324
164.644 187.778
110.364 272.226
117.686 266.129
126.129 261.986
135.647 262.588
147.3 260.878
158.439 263.069
168.815 266.377
158.604 272.102
147.599 275.986
135.658 277.839
125.983 277.794
117.733 275.572
124.745 268.645
136.025 267.58
150.409 266.858
150.027 268.394
135.546 271.119
124.192 270.759
