58.3744 87.0726
68.0673 79.5893
81.3578 76.8471
95.4681 77.2236
108.702 79.0035
145.934 73.7508
158.054 69.7693
170.459 66.9977
183.489 66.6565
194.871 72.7567
129.98 98.2907
130.929 114.047
132.343 128.853
133.364 144.111
115.564 147.398
124.99 149.916
134.884 151.165
144.87 148.139
153.02 143.302
77.7044 104.093
86.4794 96.3404
98.1772 95.7537
108.866 102.309
98.4714 105.921
87.7232 106.499
152.271 96.7701
159.997 88.5695
170.863 86.7253
180.581 92.0222
172.007 96.7039
161.991 97.6582
100.963 172.842
110.428 166.895
122.669 164.672
136.347 163.763
149.383 159.977
161.908 158.84
170.72 162.706
165.123 178.398
155.828 191.399
139.647 198.042
122.995 196.354
109.715 186.358
121.319 170.546
137.372 170.66
151.976 165.695
155.391 182.55
138.543 191.895
120.162 187.933
