71.4419 146.75
80.3321 136.117
93.1838 131.597
106.584 133.476
119.04 138.799
162.016 137.328
171.349 131.578
181.725 130.274
191.033 134.172
197.03 142.25
141.043 167.352
140.228 181.613
139.347 195.422
138.17 209.147
119.879 215.194
127.901 218.882
136.93 220.893
145.576 220.247
153.293 218.351
90.2449 165.109
100.438 159.416
110.429 159.924
117.141 168.08
108.378 169.849
99.0465 169.319
160.93 169.167
169.512 161.381
179.337 159.68
187.211 166.699
180.267 171.057
170.645 171.352
102.336 237.714
112.826 235.271
123.576 233.643
133.941 236.336
143.587 235.534
152.66 238.489
160.563 243.529
154.659 253.973
144.957 261.075
132.126 262.279
118.628 258.657
108.995 249.599
122.013 242.726
134.08 245.805
144.643 244.784
145.757 250.284
133.334 251.042
119.942 247.962
