68.5128 151.009
79.8748 145.737
92.533 143.995
105.263 145.879
117.034 151.013
157.778 159.149
168.713 158.752
179.338 161.971
188.405 168.294
193.906 177.352
133.837 180.439
133.487 191.681
132.634 203.287
131.495 214.344
112.33 224.835
119.066 229.125
127.622 232.342
136.376 232.727
143.147 231.763
81.3243 173.438
90.9123 169.947
100.765 170.808
107.065 178.561
98.1629 178.371
89.7717 175.79
154.531 190.916
163.486 187.888
172.805 188.956
178.6 196.828
171.096 196.131
162.699 194.373
79.0432 248.881
92.0918 241.549
108.417 239.937
123.814 244.725
137.557 246.881
148.692 255.144
154.703 267.283
145.7 275.847
131.654 277.158
117.104 275.089
101.499 270.208
87.5322 262.696
102.643 246.091
122.058 249.654
138.864 254.021
135.9 271.019
118.616 267.488
99.183 262.52
