77.5202 171.052
84.8362 164.371
94.9869 162.354
106.035 163.383
116.627 166.621
148.115 168.008
159.186 166.706
170.438 166.662
181.22 169.793
190.355 176.345
131.197 186.389
129.15 196.757
127.269 206.848
125.478 217.176
111.921 232.111
117.67 234.112
125.67 235.438
135.665 235.103
144.8 233.82
83.0707 190.424
92.3422 186.493
101.394 186.236
109.535 189.474
100.929 190.116
91.907 190.446
154.843 192.784
165.014 189.576
174.275 190.769
182.493 195.266
173.984 195.359
164.182 194.723
92.9441 260.802
101.576 251.538
113.711 246.751
126.356 247.459
140.999 248.158
154.255 254.178
164.884 262.657
154.171 273.095
140.927 280.01
124.091 282.567
109.935 279.664
100.051 271.672
109.372 253.982
125.686 254.274
144.841 255.895
144.356 271.154
124.309 272.198
108.029 269.196
