68.0652 171.256
75.0685 165.92
83.4842 162.989
92.2649 162.007
101.591 163.175
137.334 156.786
148.079 149.905
160.456 145.603
172.789 144.565
183.788 149.344
126.042 186.048
128.048 199.267
129.655 212.36
131.366 225.028
124.042 242.942
131.449 241.872
138.553 240.547
145.275 238.292
150.89 236.571
85.7656 193.459
91.7854 186.395
100.926 184.501
109.343 190.266
101.979 193.714
93.473 195.093
150.25 180.788
154.707 173.114
163.822 170.565
172.015 175.332
165.712 179.116
157.844 181.109
118.578 270.157
125.121 265.849
132.787 261.908
141.452 261.096
151.487 257.5
162.447 258.015
173.293 259.406
165.308 267.08
155.782 272.329
144.654 276.195
134.684 276.129
126.077 273.671
137.266 268.247
143.34 268.307
150.695 265.589
150.932 264.588
143.092 267.588
136.983 267.964
