73.1995 166.831
84.3047 161.947
96.191 160.866
107.897 162.435
119.025 167.109
150.38 165.534
161.924 161.272
174.151 160.656
186.315 162.241
197.579 167.741
133.013 179.806
132.16 192.762
131.224 205.182
130.005 217.481
118.084 229.649
123.616 230.993
129.877 232.213
137.697 231.567
144.541 230.616
87.6982 187.078
95.3881 182.997
103.991 183.279
111.358 186.298
103.919 188.138
95.9138 188.495
157.923 186.899
165.742 183.704
174.868 183.663
182.944 187.384
174.734 189.495
166.129 189.265
102.104 252.298
111.582 248.888
121.138 246.203
131.084 246.449
143.102 246.678
154.337 249.715
166.547 252.853
154.69 257.939
142.997 261.463
130.803 262.582
120.896 260.669
111.99 256.659
115.981 252.52
130.885 253.569
149.284 253.034
148.542 253.746
130.791 254.006
116.409 252.601
