57.3922 156.35
69.2409 150.19
83.4419 149.573
96.8009 152.386
109.949 156.738
158.722 158.964
169.629 153.108
181.268 150.664
192.898 151.321
203.306 157.129
135.782 178.064
136.748 192.101
137.459 206.361
138.299 220.029
117.781 236.969
126.758 237.966
136.793 238.607
145.631 238.271
153.355 236.87
71.6035 184.081
82.6613 177.73
95.4799 176.8
105.041 183.523
94.2596 186.639
82.8929 186.394
157.212 186.509
167.682 179.072
180.097 179.332
188.865 187.517
178.971 189.503
168.159 189.452
96.0684 266.127
108.543 259.904
122.21 256.218
136.744 257.738
148.893 256.422
158.872 261.521
166.399 269.224
157.163 274.471
146.121 276.393
133.821 276.59
119.45 274.794
106.827 271.127
117.673 264.387
135.183 265.102
149.228 264.923
148.302 267.847
133.798 267.615
116.568 266.047
