64.0491 160.674
79.3 154.868
96.1679 154.453
112.93 158.003
128.889 164.276
162.887 166.29
171.766 161.51
181.126 158.031
190.883 155.866
199.763 159.539
144.037 187.594
144.214 206.036
144.628 224.938
145.261 243.485
118.177 246.45
128.154 251.015
140.222 253.154
150.012 250.966
157.518 246.378
84.7564 189.224
95.7286 191.129
105.663 191.246
114.52 189.853
105.405 192.939
95.1966 192.813
157.787 189.703
167.415 190.347
175.929 191.202
184.084 191.158
175.94 191.84
166.964 191.547
95.2245 273.093
110.005 270.822
123.404 267.548
137.729 270.125
145.996 267.928
151.988 270.55
155.175 274.713
149.978 282.074
143.897 288.509
134.043 292.381
118.424 290.143
106.547 282.593
117.563 273.116
136.651 274.881
147.762 273.436
146.488 278.757
135.328 284.178
116.079 280.003
