86.2042 28.0045
96.0512 26.535
106.064 29.031
115.098 33.9549
123.281 39.9811
164.999 51.3703
176.226 52.3855
187.063 55.3074
196.579 60.6805
202.889 68.62
135.404 78.1665
130.468 91.7119
125.557 104.595
120.725 117.418
101.81 121.898
108.331 127.165
115.659 131.016
124.054 133.143
132.185 134.13
85.1807 60.0378
94.6783 60.3193
104.524 63.9339
111.795 70.9988
102.029 69.7417
92.4151 65.7306
155.798 84.5833
165.753 83.2242
175.232 86.968
181.813 93.9541
172.642 93.1529
163.358 90.0026
80.2539 139.955
89.418 138.341
99.1181 139.89
108.046 143.958
118.47 147.531
127.163 153.278
133.941 160.411
123.457 163.385
113.001 164.925
101.468 163.173
91.7605 157.676
84.8339 149.532
95.0003 143.395
106.154 148.533
119.189 153.247
116.95 158.05
104.042 154.146
92.8598 148.643
