77.2629 154.381
86.1583 146.539
98.0969 145.107
110.232 148.575
120.966 155.245
162.078 162.911
170.626 162.257
179.191 163.183
186.532 166.822
191.96 172.874
143.358 188.447
144.032 202.45
144.499 216.344
144.73 229.869
122.159 243.018
129.184 245.377
137.506 247.281
145.492 247.838
151.909 247.226
87.8234 183.708
95.861 179.82
104.946 180.908
111.261 189.164
103.425 189.633
94.5974 187.912
156.354 195.811
164.782 191.63
172.803 193.279
179.541 198.648
172.302 199.973
164.421 199.443
102.854 269.367
113.75 264.536
125.347 262.06
136.546 265.066
145.152 264.941
152.06 268.958
156.985 276.38
151.18 279.436
144.174 280.524
136.122 280.458
124.562 278.373
113.861 274.628
123.306 270.252
136.018 271.885
145.642 273.216
146.127 273.104
137.045 272.21
124.49 269.619
