69.1768 167.086
78.0375 160.733
88.7081 158.311
99.6635 160.226
110.473 163.865
154.134 161.514
164.663 158.833
175.292 157.604
185.633 159.307
193.355 165.896
133.346 181.955
134.167 195.296
134.995 208.845
135.551 222.825
114.053 231.562
123.332 234.085
132.872 235.575
141.409 234.267
148.888 231.893
78.6231 186.197
87.5303 180.16
98.973 179.99
109.41 186.16
99.1914 189.349
87.9589 189.053
154.558 185.275
162.583 179.199
173.066 179.745
181.291 185.87
173.151 188.395
163.11 188.165
96.2684 258.43
107.563 253.175
119.946 250.882
132.939 252.591
143.792 250.548
154.244 252.798
163.178 257.141
153.923 264.524
144.006 269.2
131.851 271.772
117.958 270.194
106.878 265.423
116.655 258.031
132.542 260.206
145.299 257.629
145.349 259.478
132.078 262.072
116.062 260.521
