56.2741 167.051
64.3237 158.506
75.3736 153.522
87.9644 151.371
100.803 153.47
143.494 148.968
156.11 145.598
169.074 145.793
180.472 150.223
189.663 159.193
128.317 179.655
130.306 194.715
132.144 209.811
134.095 225.029
119.318 241.875
127.254 241.397
135.872 240.314
143.291 238.478
150.264 235.977
74.5536 189.149
84.5306 182.072
95.4204 180.368
104.774 186.179
94.7507 188.937
84.7062 189.408
147.131 182.947
155.749 175.014
167.123 173.592
177.858 178.452
167.963 181.758
157.509 182.511
97.3733 270.45
111.335 262.934
124.741 257.109
138.857 254.495
151.033 252.091
162.46 254.348
172.809 259.194
165.713 270.854
155.793 279.401
142.687 283.389
126.24 283.899
110.837 279.265
122.22 265.147
139.629 261.762
153.783 259.179
154.925 270.037
141.599 274.327
123.047 274.482
