72.3153 177.464
79.5263 171.366
89.0304 169.826
98.6115 170.91
107.906 173.741
147.176 165.462
157.69 157.714
169.296 152.805
181.458 152.599
191.841 158.259
128.366 188.185
129.409 200.491
130.601 212.609
131.961 225.322
120.685 235.361
127.737 236.471
135.102 236.6
142.515 234.119
149.126 230.228
83.1351 196.302
91.3898 189.517
101.841 188.62
111.533 194.727
102.131 197.209
92.2281 197.882
152.633 188.181
159.748 179.963
169.616 178.225
178.658 182.035
171.221 185.866
162.054 187.512
103.534 254.558
115.376 251.481
126.191 248.973
137.578 248.232
151.195 245.569
163.94 245.98
178.463 245.897
169.572 261.041
157.056 270.705
140.607 275.143
125.044 274.223
112.689 266.597
121.9 254.408
138.363 253.287
157.257 249.849
160.072 260.897
139.604 265.762
121.238 265.486
