66.9473 175.664
74.0879 169.133
85.452 166.85
97.0487 167.399
108.171 169.273
148.811 158.681
156.988 152.691
167.127 149.214
177.209 147.793
186.065 150.938
133.253 192.23
136.04 205.717
138.88 218.721
141.272 231.935
126.343 241.939
135.271 242.989
143.813 242.796
151.935 239.638
159.046 235.378
83.7627 200.145
92.4819 195.107
101.794 193.456
110.534 197.669
102.695 201.393
93.2424 202.154
153.291 187.823
160.48 180.356
170.2 177.456
178.668 179.373
171.682 184.501
162.868 187.397
113.825 263.968
123.776 260.362
133.99 257.295
146.276 255.383
156.94 252.37
167.239 250.551
176.106 250.517
171.164 262.308
162.006 271.268
149.718 275.889
135.559 276.89
123.712 272.228
133.433 263.737
146.651 262.622
159.339 258.161
160.586 260.517
147.812 265.192
134.201 266.691
