59.6727 159.065
72.7271 153.062
86.9551 149.645
101.557 150.755
114.865 156.259
160.83 155.387
170.077 149.581
180.169 146.688
190.136 148.565
196.633 155.762
136.725 186.155
137.032 204.531
137.751 222.302
138.59 240.365
114.997 249.573
125.421 252.696
136.202 253.776
144.771 251.635
151.135 247.959
75.2617 183.238
87.0359 176.351
100.264 176.776
108.707 187.603
97.817 189.626
85.871 188.667
154.67 185.954
164.293 176.019
177.039 173.906
186.591 180.846
178.869 187.215
166.962 188.391
93.8979 266.435
108.181 263.693
121.731 264.104
135.198 266.493
142.846 263.524
151.14 261.953
158.841 262.352
152.848 274.56
144.691 283.159
133.59 286.941
118.554 284.654
104.871 277.431
116.449 270.443
134.436 273.889
146.021 269.301
145.476 270.693
133.592 275.278
115.771 272.661
