62.7325 179.17
70.8877 170.536
83.1397 166.188
96.1843 166.255
108.822 169.428
153.082 163.154
164.906 157.974
177.645 155.237
189.857 156.401
199.402 163.594
134.626 193.885
136.811 209.002
139.194 223.384
141.275 237.716
122.613 245.915
131.57 248.18
141.112 249.161
150.68 246.234
158.837 241.708
80.482 197.129
89.4073 190.314
100.168 188.85
109.578 195.103
100.013 196.888
90.1316 197.614
158.33 189.349
165.881 181.28
175.682 179.718
185.083 183.444
177.092 186.471
168.156 188.387
100.149 263.483
113.827 261.8
127.387 261.033
141.09 261.849
154.535 258.143
167.952 256.323
181.58 255.993
173.887 272.687
161.298 284.736
143.72 289.284
125.811 288.398
110.62 278.862
123.416 266.631
140.972 266.628
159.898 262.352
163.408 275.599
142.829 282.11
122.916 279.304
