76.6797 160.606
87.3844 154.921
99.5166 154.793
111.568 157.44
123.061 162.427
156.594 162.699
168.247 159.853
180.329 158.286
192.29 159.065
203.596 164.995
139.077 179.256
138.546 191.657
137.622 204.104
136.817 217.093
121.066 233.289
128.309 234.091
136.194 235.063
145.051 235.095
153.028 234.745
86.1427 179.249
96.9263 174.648
108.021 175.132
117.582 181.896
107.229 183.903
96.0981 183.065
162.217 183.086
171.285 177.872
182.109 178.409
191.85 183.385
182.561 185.899
171.607 185.834
104.392 264.35
112.076 255.156
123.391 250.637
135.836 252.538
148.612 251.731
159.631 257.743
168.131 267.117
158.981 275.355
147.669 279.917
134.578 280.631
121.749 279.064
111.245 273.305
120.939 259.159
135.552 260.431
150.145 260.38
150.297 270.746
135.865 270.062
121.096 268.829
