67.6253 146.695
74.2619 136.626
84.8241 128.502
97.8403 124.43
111.283 124.975
153.346 125.999
165.328 125.158
176.92 128.76
186.54 135.737
192.992 144.526
134.471 164.018
134.762 176.763
135.106 190.596
134.946 203.533
116.674 218.962
124.878 219.69
134.27 220.815
142.982 220.12
150.224 219.449
84.6166 167.985
92.8881 164.924
101.686 164.679
110.573 167.19
102.053 167.801
93.3355 168.275
155.343 167.864
164.401 165.593
172.665 166.127
180.16 168.945
172.094 169.255
163.762 168.471
104.909 248.813
112.954 240.748
123.114 236.796
134.807 236.595
145.217 237.265
153.631 240.748
160.181 246.834
153.656 256.564
145.303 264.228
133.825 267.522
121.589 265.072
112.106 258.246
118.859 243.137
134.018 242.007
147.2 243.914
146.916 252.694
133.251 255.727
118.254 253.787
