70.2275 157.966
78.7786 152.761
89.4602 150.732
100.21 151.828
111.473 154.283
157.224 151.652
165.358 146.086
174.27 141.646
183.525 139.738
191.091 144.353
135.119 171.709
136.904 184.485
138.701 197.194
140.625 209.536
125.256 218.925
133.202 221.349
142.171 221.948
148.564 219.516
153.98 215.06
82.3188 178.406
90.5352 171.162
101.152 169.85
110.313 176.299
101.944 180.599
91.7499 181.416
153.568 172.145
161.529 164.136
171.719 162.275
180.343 168.244
173.547 173.571
163.446 174.331
112.722 246.055
121.3 238.689
130.936 234.024
142.758 233.904
151.097 231.124
158.96 233.387
166.169 238.271
158.871 244.048
151.496 248.159
142.33 250.421
131.485 249.537
122.146 247.984
127.529 240.255
142.516 240.005
153.902 237.381
153.768 239.486
142.219 242.959
127.573 242.358
