70.4937 175.493
79.4145 166.502
91.6158 161.057
104.742 159.64
117.508 162.341
147.634 158.129
157.596 152.356
168.439 149.865
178.826 151.464
186.775 157.259
134.602 184.233
136.29 198.776
138.466 213.46
140.783 227.088
122.824 236.911
131.567 237.717
140.358 237.639
147.337 235.619
154.843 232.484
87.756 196.188
97.0753 191.138
106.519 189.774
113.729 192.384
106.334 194.444
97.1281 195.867
153.712 185.423
161.458 179.754
170.378 178.404
176.564 181.927
170.581 184.862
162.507 186.037
105.709 266.482
116.548 259.5
128.021 253.245
141.417 251.764
151.627 249.029
161.156 250.969
168.908 256.477
163.967 266.6
155.934 273.271
144.488 276.14
130.4 277.205
116.695 273.926
125.332 260.191
141.859 257.143
154.864 254.662
156.266 266.57
142.698 269.666
125.673 271.188
