55.1911 177.449
62.246 171.062
70.6477 167.709
78.4368 165.561
86.7942 165.185
133.851 149.762
143.397 145.09
153.09 142.687
163.012 141.631
172.947 143.984
121.896 179.659
128.021 196.019
133.872 212.33
139.636 228.675
120.738 240.283
132.171 241.452
144.021 239.758
154.143 233.951
161.858 225.939
70.4518 200.261
76.4283 189.083
87.7253 186.186
99.314 191.922
89.7785 196.233
79.7289 199.351
145.783 175.912
151.291 165.753
162.5 162.549
174.547 168.102
165.577 171.816
155.006 174.651
109.993 262.612
122.329 257.25
134.398 253.073
146.254 250.822
158.557 246.062
171.274 241.432
184.718 237.685
179.676 254.178
169.676 267.939
154.236 276.744
137.586 278.713
122.399 273.045
131.691 259.303
148.123 257.071
165.004 248.029
169.325 255.602
151.099 265.528
132.953 267.827
