63.3533 168.492
74.6402 164.437
87.348 163.652
100.265 166.048
112.007 170.45
162.903 171.314
172.672 167.753
182.618 165.795
192.244 165.021
200.545 168.32
137.499 188.064
138.045 203.763
138.775 220.005
139.508 236.415
118.271 245.814
127.119 249.697
136.607 251.838
145.145 250.655
152.674 247.629
78.4416 189.24
88.8007 182.091
101.808 181.492
111.609 188.698
101.021 192.417
88.6893 192.441
156.378 190.952
167.725 184.078
180.314 184.728
189.551 192.333
180.334 195.477
167.565 194.246
92.6346 269.833
106.645 266.07
120.837 266.018
135.343 268.149
146.636 266.458
157.808 266.91
168.117 270.673
159.842 281.551
147.761 288.32
133.332 290.098
116.879 287.38
102.902 280.524
116.42 270.459
135.023 272.605
149.447 272.001
149.775 278.957
133.587 281.245
114.327 277.856
