70.7497 145.68
74.0251 136.573
81.4279 130.646
91.1924 128.163
100.476 128.497
137.835 114.875
147.474 108.521
158.89 106.517
170.755 109.192
180.597 115.635
124.156 146.167
125.278 157.76
126.064 168.607
127.383 179.623
123.217 199.939
128.869 199.966
135.819 198.505
143.026 195.118
149.43 191.026
84.6851 166.545
90.003 157.281
99.7782 154.916
109.437 159.184
101.922 164.332
92.8525 166.988
149.824 145.686
155.381 135.8
165.22 133.035
175.273 137.104
167.845 142.961
158.884 145.675
119.685 231.618
123.801 223.992
131.816 217.972
141.188 216.097
152.546 212.187
164.861 211.163
176.593 213.607
168.925 223.975
158.82 231.411
147.18 236.973
137.046 238.452
127.676 236.613
133.515 225.81
143.542 224.079
156.626 219.052
158.769 224.25
145.345 229.651
134.58 229.958
