85.905 180.948
98.7663 172.669
115.496 170.225
132.202 175.245
146.925 183.822
184.874 191.068
197.419 185.985
209.984 183.665
222.434 186.28
230.346 195.717
160.724 221.609
160.935 240.642
161.608 258.639
162.047 276.403
137.601 287.753
146.243 290.574
155.805 292.445
163.55 292.266
171.123 290.694
100.308 212.295
113.162 206.416
126.359 208.848
134.52 219.498
122.459 221.107
110.32 219.552
179.817 225.362
191.427 216.788
204.154 216.116
213.447 223.837
203.799 229.109
191.922 228.998
111.675 304.935
124.535 306.281
138.454 308.346
152.589 311.234
162.867 310.374
172.483 309.957
180.074 311.173
172.092 322.721
161.492 330.535
147.662 331.795
132.261 327.071
120.578 317.91
133.792 312.601
151.791 316.566
163.09 315.264
162.269 321.697
150.176 323.215
132.998 319.371
