69.9751 150.06
79.5398 144.482
90.7976 143.401
101.874 146.028
112.14 151.619
157.816 154.016
167.805 150.074
178.87 149.141
189.525 150.957
197.546 156.253
134.729 179.404
134.255 192.511
133.936 206.053
133.655 218.843
112.504 231.716
122.395 234.734
133.018 236.346
142.774 235.611
151.818 233.324
80.5393 173.393
89.277 168.484
99.8812 168.695
106.718 175.611
97.6713 175.242
88.6767 174.893
159.39 178.786
167.973 173.109
178.385 173.768
186.649 178.683
177.257 179.08
168.013 179.1
99.7605 261.422
110.117 256.849
121.204 253.836
133.575 254.618
144.89 254.269
155.452 258.675
165.166 265.809
156.289 273.383
144.894 277.61
132.582 278.884
119.781 276.521
108.52 270.52
119.333 263.016
133.299 265.07
146.708 264.976
147.264 265.457
133.217 265.647
119.601 263.231
