82.5726 176.163
87.9251 170.624
94.9615 166.589
103.177 164.754
111.88 164.362
148.573 162.027
159.229 161.282
169.628 162.931
179.321 167.609
187.252 174.161
127.697 188.402
127.767 200.265
128.067 211.122
128.713 222.225
116.255 236.486
123.19 236.794
131.304 236.66
139.966 234.874
148.221 233.511
92.2929 199.802
98.4774 194.777
105.491 193.465
112.473 195.78
106.032 197.926
99.3295 199.088
151.768 192.991
159.617 188.731
167.261 189.021
173.373 193.194
166.63 193.438
159.579 193.789
105.92 260.594
114.121 254.616
123.621 250.975
133.866 250.716
145.942 248.262
157.941 249.938
167.853 254.882
161.306 267.426
149.672 274.89
135.197 277.324
122.478 276.723
111.942 270.823
120.883 256.847
134.169 255.786
150.49 252.786
151.312 265.067
135.062 268.722
120.853 268.144
