65.5823 171.022
73.6802 165.518
83.7399 164.8
94.0611 166.808
104.177 170.65
150.486 169.549
161.58 165.081
173.194 161.955
185.233 161.844
196.527 165.367
130.047 195.388
130.106 209.32
130.37 222.769
130.707 235.948
113.71 244.324
122.659 246.967
132.315 248.308
141.57 246.664
149.896 243.925
82.0761 192.343
89.8643 186.041
99.8456 187.027
107.772 194.94
99.0925 194.874
89.6188 194.779
156.697 191.959
163.096 184.181
173.58 183.215
182.342 188.058
174.534 190.71
165.086 191.416
98.3471 261.84
109.327 259.746
121.232 259.55
134.022 260.713
148.799 258.858
163.192 258.7
176.832 260.387
168.044 274.962
153.898 284.171
136.803 287.043
120.321 284.883
107.245 275.171
117.728 263.357
134.9 265.168
153.211 262.6
155.978 275.661
136.249 279.634
116.554 275.952
