76.7143 122.74
85.7894 115.095
97.1049 112.995
109.342 115.66
120.145 121.911
156.029 124.124
169.667 120.081
184.118 121.006
196.796 127.791
205.024 140.078
135.565 142.734
133.461 155.6
131.622 167.845
129.68 180.264
113.416 190.921
120.844 194.775
129.156 197.161
138.805 195.763
147.572 193.281
87.3379 141.346
96.3184 135.782
107.316 137.041
116.4 144.319
106.214 147.099
95.6493 146.031
158.55 149.583
169.401 143.723
181.239 144.979
190.024 152.152
180.149 155.241
168.362 154.239
92.3944 211.623
102.715 206.737
115.163 205.112
128.631 207.594
142.955 207.614
156.195 212.572
167.6 220.53
158.108 233.728
144.143 242.165
126.955 243.315
110.267 238.035
99.2761 226.048
110.672 211.567
129.042 215.891
147.93 215.45
148.223 230.763
127.397 233.031
107.489 226.466
