78.677 165.982
86.52 161.07
97.1019 160.835
107.399 163.705
117.881 167.476
154.503 173.229
162.186 170.241
170.432 168.979
178.162 170.575
183.162 175.94
132.477 192.534
131.443 208.184
130.765 223.281
130.242 237.859
111.086 239.662
118.384 243.508
126.439 246.417
134.781 245.353
142.427 242.685
89.3455 189.313
95.4474 188.9
103.116 189.141
110.764 190.634
103.396 191.974
95.9017 191.701
151.886 194.124
158.688 194.762
165.34 195.948
171.542 197.551
165.25 198.831
158.107 197.749
95.8303 252.243
105.556 251.016
115.885 252.613
125.42 255.187
133.803 254.433
141.157 254.531
146.32 257.62
139.67 259.986
132.125 260.7
123.583 261.04
113.36 258.671
104.247 256.343
113.441 253.871
124.521 256.945
134.203 255.883
133.351 256.524
123.955 257.215
113.016 254.733
