72.5828 159.873
78.8847 155.466
87.0497 153.995
95.6448 154.08
103.752 155.159
150.676 149.836
161.93 146.064
173.343 144.237
184.756 146.032
193.604 153.425
129.298 175.521
129.385 188.632
129.689 201.576
129.823 214.179
117.403 223.122
124.739 224.839
132.44 225.752
141.297 223.246
149.368 219.997
82.0036 181.922
89.1695 175.118
100.169 174.218
110.961 179.956
101.288 183.802
90.8472 184.317
155.299 176.468
163.09 167.678
174.427 167.589
184.428 173.746
175.729 176.633
165.53 177.576
103.339 246.691
111.349 240.853
122.047 238.116
133.31 239.01
147.185 237.044
160.675 238.354
174.872 240.837
163.471 250.295
150.838 257.215
136.109 260.274
122.791 260.317
112.199 254.955
120.247 245.917
134.513 247.081
151.285 243.665
151.795 247.495
134.372 250.854
119.803 250.052
