68.9832 126.587
77.7351 119.173
89.5723 114.844
101.841 113.572
113.816 114.126
159.753 110.401
172.403 108.443
185.309 109.294
197.39 112.118
206.724 118.861
138.883 151.649
138.84 165.756
139.361 179.733
140.071 193.242
118.759 205.311
128.771 208.87
139.758 210.433
151.562 208.684
161.831 205.178
88.7712 154.818
96.8576 150.286
106.129 149.465
115.208 154.031
105.937 153.989
97.3521 154.204
163.766 151.177
171.111 145.377
179.899 145.781
188.557 149.355
180.45 149.384
172.206 150.281
107.005 234.333
117.904 227.29
130.518 223.657
142.632 224.149
154.91 223.401
167.56 225.598
178.774 230.741
171.024 242.789
159.084 250.153
145.035 252.345
130.422 251.376
116.146 244.986
125.982 229.884
142.984 229.202
160.118 228.778
161.262 240.212
143.92 242.558
126.167 241.374
