77.7507 158.842
86.5284 152.719
97.5665 151.141
108.821 152.825
119.927 156.035
172.217 157.682
184.738 153.629
196.915 152.478
209.271 154.062
218.779 159.789
149.038 189.025
148.822 204.85
148.676 220.315
148.197 236.183
128.764 247.237
138.206 250.08
148.501 251.555
158.712 249.783
168.469 246.827
92.1148 187.664
101.356 182.321
112.263 182.113
121.847 188.932
111.726 190.788
101.529 190.743
177.083 189.576
185.495 182.828
196.061 183.314
206.386 188.382
196.579 191.049
186.512 191.722
107.154 274.898
120.667 270.924
134.104 268.536
148.161 269.431
162.737 268.168
176.633 268.954
190.504 272.63
181.38 286.434
166.627 295.35
148.734 298.719
130.651 296.974
116.562 288.454
129.986 274.478
148.237 275.692
167.089 273.533
168.341 284.496
147.862 287.641
128.208 286.181
