61.255 171.286
70.2736 161.955
82.5397 158.414
95.5458 159.457
108.61 163.209
149.265 159.439
159.944 155.574
170.995 154.651
181.241 156.944
190.784 163.723
132.333 182.177
134.083 196.468
135.745 209.841
138.22 223.535
116.801 235.873
127.1 237.823
137.138 238.513
145.874 236.619
153.656 233.102
74.6095 197.626
83.3731 193.615
93.2551 192.802
103.8 194.452
94.2084 195.028
84.4301 196.138
152.054 191.326
161.684 189.066
171.034 190.121
179.631 193.167
171.007 192.117
161.383 191.599
92.9013 263.58
105.213 256.767
120.342 254.261
135.317 255.764
147.851 253.527
161.361 253.441
173.706 259
166.131 271.866
155.011 282.156
138.76 286.007
119.987 283.782
104.817 275.342
115.333 259.11
134.811 259.716
152.04 256.865
156.335 272.021
137.36 276.779
115.45 273.784
