78.6528 177.24
90.8176 172
103.212 169.678
115.54 170.228
127.888 173.827
162.904 175.656
173.671 174.363
184.241 174.705
194.336 177.616
203.278 183.064
145.643 195.238
146.816 211.89
148.454 228.18
149.207 243.916
126.809 255.466
136.232 258.694
146.644 260.832
154.706 259.803
161.521 257.177
88.0812 198.097
98.6372 193.196
109.77 193.316
118.935 199.87
108.41 200.005
98.1831 199.123
165.771 203.872
174.642 197.406
184.977 198.666
193.635 205.709
184.653 205.357
175.258 204.827
104.997 279.606
117.711 273.64
131.431 271.57
145.227 274.005
155.858 273.455
165.303 277.466
173.632 284.004
165.499 292.461
155.14 298.009
142.014 298.679
127.188 295.494
114.861 288.631
123.986 278.292
143.471 281.144
158.423 280.92
158.739 288.861
143.474 288.999
123.247 286.395
