71.089 120.166
79.7773 114.696
90.6136 112.873
101.456 114.218
111.722 117.89
148.726 115.321
159.563 111.09
170.732 109.057
181.792 110.004
191.214 115.353
130.567 136.67
131.358 150.439
131.92 163.706
132.688 176.602
119.036 190.322
125.408 191.182
132.984 192.386
141.406 190.946
149.375 190.015
80.3575 144.5
88.4965 139.551
98.3713 137.879
107.972 140.892
98.9838 143.439
89.0005 144.495
155.428 137.475
164.919 133.777
175.027 133.934
183.539 137.886
174.755 139.398
164.641 138.846
104.786 219.391
111.904 210.72
122.754 206.925
134.59 208.195
147.641 206.696
159.718 210.302
169.263 218.182
160.874 226.411
149.668 232.002
136.121 233.959
123.427 232.072
112.716 227.145
119.76 214.315
134.95 214.764
152.03 213.855
152.081 221.208
134.839 222.857
119.286 221.901
