75.5729 161.109
84.1201 155.439
93.7047 153.46
103.406 153.818
113.088 156.965
145.867 159.609
158.518 157.456
171.605 157.67
183.962 163.009
193.196 171.659
126.622 186.786
123.296 201.346
119.601 215.836
115.697 229.887
104.527 240.406
111.015 242.942
118.258 244.891
126.797 244.448
134.504 242.932
84.3821 185.769
92.1626 180.721
102.177 181.557
109.905 187.964
101.285 189.633
92.2836 188.314
150.986 190.414
160.123 185.018
170.275 185.977
178.757 192.056
168.818 193.834
159.448 193.628
91.8438 262.598
100.206 260.864
108.712 259.825
117.872 261.353
129.589 260.775
140.843 264.146
151.661 269.1
141.738 274.894
130.648 279.316
117.748 280.203
106.829 277.704
98.2643 271.005
106.538 266.373
118.045 268.33
132.303 268.114
132.574 270.123
117.886 269.673
106.151 267.474
