72.3887 162.185
81.9862 158.895
93.0247 158.413
104.249 161.44
115.398 166.249
163.649 174.27
172.803 172.552
181.856 172.456
189.945 175.695
196.09 181.083
135.45 189.197
132.835 204.073
130.594 219.177
128.255 234.479
109.728 235.554
116.565 238.925
125.08 241.385
133.415 242.066
141.61 240.841
81.0799 187.659
89.5971 190.491
100.756 191.298
110.933 190.592
100.561 191.696
89.8404 190.309
153.219 197.166
161.512 200.159
170.181 203.254
179.532 203.263
170.315 202.954
160.756 200.73
90.6068 250.075
101.866 251.857
112.836 255.051
123.493 257.685
134.327 258.227
144.192 259.251
153.311 261.371
143.544 267.606
132.537 270.105
119.641 270.579
107.174 266.991
97.9316 260.178
107.799 258.297
121.625 262.643
135.312 262.712
135.404 263.805
120.512 263.805
106.432 259.714
