81.7632 145.213
91.2313 140.506
102.032 138.264
113.22 138.355
123.435 140.914
152.767 140.719
161.291 139.669
170.331 141.197
178.43 144.376
185.398 150.631
138.282 166.067
138.135 179.727
137.798 192.689
137.549 205.611
116.488 217.726
123.434 219.215
130.741 220.708
138.203 220.912
144.128 220.525
93.377 165.533
99.9132 161.487
107.921 161.958
114.782 166.885
107.658 167.372
100.023 166.526
154.628 170.677
161.03 166.466
168.47 168.227
173.787 173.006
167.279 173.126
160.529 172.319
96.4755 241.78
105.972 237.114
116.836 235.237
128.48 237.31
138.474 237.057
147.242 240.871
153.968 246.869
147.324 255.739
138.452 260.431
127.484 260.741
114.641 257.639
104.285 251.66
113.334 241.31
128.142 242.656
141.026 244.306
141.536 252.557
128.637 253.375
113.089 249.308
