72.15 45.6657
79.5358 37.7879
89.3222 33.8963
100.503 32.9046
111.748 33.0238
165.988 37.5571
177.286 36.6311
188.088 38.2381
197.747 42.4987
204.65 51.9121
136.27 80.7873
135.685 95.6299
134.733 109.701
134.478 124.664
116.779 138.789
123.455 139.24
131.125 140.062
138.752 140.326
145.917 140.795
89.2986 73.7012
98.0438 70.0141
106.721 70.921
113.438 78.9094
104.909 79.3844
96.1739 77.7615
157.786 83.3944
166.384 76.4386
175.455 75.962
185.003 81.395
176.621 84.9758
167.2 84.7606
96.1342 169.705
106.521 165.654
117.866 162.732
129.268 164.165
139.68 163.738
149.025 166.66
157.041 172.02
148.343 179.911
137.316 184.404
124.346 185.175
112.299 183.127
103.055 177.974
115.495 172.894
128.011 173.609
140.158 173.24
139.442 174.776
126.227 173.892
113.778 173.882
