77.5491 185.343
82.8601 175.597
91.6612 169.556
102.528 168.271
112.023 170.819
136.553 167.621
145.632 164.018
156.038 164.615
164.934 168.613
171.373 176.271
127.095 191.301
128.781 204.65
130.172 217.277
131.14 229.861
120.86 244.714
126.038 245.541
132.413 245.66
138.624 245.058
143.866 243.64
88.1605 198.669
95.0122 192.047
103.018 191.841
110.736 197.397
104.081 200.228
95.8872 200.926
142.782 194.127
149.528 186.821
158.249 185.762
165.756 191.278
158.434 194.422
150.196 195.352
110.432 271.394
116.9 266.637
124.751 263.928
133.763 264.498
143.057 263.053
151.268 265.009
158.504 268.586
152.935 275.443
145.809 280.975
136.386 283.344
125.916 282.292
117.282 277.935
124.755 271.225
134.99 271.174
144.854 270.493
145.187 271.751
135.524 273.594
124.589 272.906
