72.3851 149.928
82.9036 147.44
93.5897 148.567
104.2 150.981
114.249 154.009
150.134 151.676
160.549 148.865
170.68 146.187
181.03 145.058
190.747 148.466
132.08 171.274
132.379 186
132.655 199.922
132.897 213.59
117.89 215.972
124.673 219.157
132.109 221.214
140.546 219.129
146.928 215.283
84.4862 172.703
92.2877 167.962
102.814 168.658
111.145 173.823
102.208 175.876
92.3923 175.493
153.135 171.94
161.101 167.022
171.095 166.391
178.293 170.805
170.865 173.462
161.422 173.829
99.1895 234.457
109.457 230.079
121.633 229.297
133.258 231.417
145.512 229.275
157.595 229.082
167.754 232.081
161.828 247.588
149.739 258.229
133.968 261.665
118.128 259.528
105.607 249.416
116.557 234.735
133.389 237.15
151.629 233.811
153.567 248.201
133.85 253.936
115.371 249.825
