71.5876 152.874
80.0339 148.192
89.6755 147.411
99.1266 150.417
107.306 155.196
152.527 151.35
161.936 147.067
172.219 145.006
182.406 147.305
189.617 153.846
127.926 178.83
128.294 194.865
128.243 210.949
128.401 226.12
112.529 236.732
119.809 238.612
127.764 239.503
135.666 238.651
143.527 236.792
81.6728 181.472
88.8113 176.299
97.6063 176.866
104.965 181.381
97.1803 182.897
88.8246 183.095
152.347 181.772
160.003 177.06
169.074 177.359
176.425 182.68
168.832 183.938
160.201 183.677
97.8454 260.597
107.134 258.261
117.08 257.854
127.455 258.299
137.812 257.084
148.258 258.369
158.221 261.635
149.363 268.556
138.716 271.764
127.444 273.009
116.379 271.365
106.188 267.621
114.63 262.91
127.709 264.087
141.105 262.549
141.266 264.828
127.503 266.056
114.156 264.779
