84.3794 147.794
92.2787 142.627
101.155 141.4
110.676 142.481
119.712 145.214
156.461 150.442
169.627 150.352
182.213 152.872
193.61 159.238
200.58 169.6
133.394 178.599
130.2 190.459
127.241 201.632
124.287 212.348
112.91 226.207
118.111 227.05
124.223 228.323
130.865 228.81
137.764 229.249
89.3282 176.385
97.5701 171.335
107.747 172.584
115.372 178.73
106.062 180.046
96.9621 179.095
155.833 184.51
164.991 180.046
174.699 182.201
182.59 188.677
173.064 188.211
164.227 186.93
99.4317 255.528
105.166 246.699
113.737 242.961
123.453 244.074
135.053 244.904
145.186 250.052
151.896 259.928
144.342 267.139
133.238 269.392
120.812 268.763
110.996 267.195
102.964 263.759
113.069 251.255
122.449 252.5
133.886 252.76
133.421 261.706
121.46 261.502
112.268 259.466
