78.8971 170.589
86.3705 168.414
94.7143 168.306
102.302 168.116
109.854 170.4
164.918 170.08
174.866 169.855
184.134 171.687
193.018 174.139
200.792 179.073
136.916 193.708
136.928 206.426
137.157 220.034
137.419 233.565
122.117 250.685
129.233 250.242
137.006 250.235
145.817 250.419
153.737 250.342
86.8045 191.435
94.8685 185.141
104.647 185.061
112.907 190.818
104.167 193.7
95.1412 194.235
163.615 191.935
171.801 186.657
181.416 187.114
189.289 191.967
181.316 195.28
171.767 194.805
110.39 283.802
117.194 276.068
126.812 272.183
137.419 273.848
148.23 272.915
158.301 277.218
165.266 284.54
157.433 288.855
147.091 290.887
136.284 292.313
126.351 290.749
117.138 288.367
125.249 278.927
136.965 281.059
148.915 279.447
148.786 282.881
136.755 284.337
125.385 282.732
