73.9781 161.464
83.0098 155.416
93.7971 151.384
105.552 150.231
118.426 151.141
161.854 155.644
172.49 155.23
182.753 157.322
191.789 162.588
197.693 169.984
140.512 194.448
139.96 208.557
139.096 222.747
138.24 236.857
117.933 239.818
126.95 243.718
136.977 246.46
146.488 244.971
155.647 241.734
88.9422 189.778
97.098 185.185
106.503 185.341
113.555 192.463
105.199 194.51
96.6189 193.5
160.914 195.898
169.177 190.279
177.763 190.031
184.751 195.863
177.646 198.858
169.185 198.563
100.802 263.705
111.185 259.786
122.388 257.314
134.944 258.345
146.067 258.002
156.211 259.386
163.702 262.897
157.243 270.58
147.858 276.06
135.339 277.917
122.121 275.546
110.867 270.683
119.447 264.164
135.075 265.038
149.541 264.101
149.78 268.804
135.016 270.386
118.511 268.029
