77.7499 141.546
87.0606 135.14
97.5657 133.067
108.74 134.525
120.051 138.241
171.367 136.915
181.766 133.084
191.992 133.86
202.319 137.743
210.609 144.232
145.003 161.435
144.709 176.147
144.233 190.887
143.655 205.226
125.769 220.499
133.972 224.033
144.07 226.015
153.868 223.994
162.282 221.224
86.8446 159.346
97.3781 152.903
109.574 152.947
118.253 161.651
108.084 163.444
96.523 163.173
170.609 161.212
181.022 153.606
192.903 153.665
201.658 161.525
192.344 163.62
181.388 163.498
109.922 253.424
120.248 248.56
131.93 245.984
144.372 248.192
155.353 245.629
166.05 246.845
175.374 251.121
167.73 260.095
155.814 264.775
143.071 267.706
129.628 266.358
117.93 261.92
130.014 251.94
143.831 252.748
156.488 251.162
156.833 254.772
143.648 256.969
129.735 255.503
