69.5848 178.251
82.2357 168.582
98.5108 165.77
115.21 166.825
132.463 171.026
183.091 167.847
193.192 162.224
203.839 158.774
214.353 157.85
222.564 163.925
159.269 210.262
163.379 226.695
167.473 242.844
171.107 259.557
143.92 271.967
155.708 276.151
167.312 277.602
176.659 275.483
184.758 271.113
94.9321 211.357
106.009 205.143
118.303 204.658
127.996 211.265
117.947 216.079
105.499 216.396
181.512 210.961
190.514 203.059
201.893 201.85
210.107 207.942
202.745 212.693
192.016 213.398
110.863 303.081
129.775 297.867
148.023 296.528
166.166 298.657
176.952 295.032
187.629 297.452
191.27 303.706
186.885 314.573
177.545 322.091
163.838 325.493
143.69 324.189
124.785 318.213
139.957 301.945
164.113 302.968
178.759 300.939
177.599 311.846
162.735 315.404
138.375 314.871
