70.2645 127.586
74.7989 121.665
81.8844 117.91
90.3226 116.823
99.5192 117.55
141.57 114.573
154.433 114.143
166.336 116.255
176.822 121.791
186.71 128.128
121.49 150.87
119.822 165.511
117.855 179.858
116.105 194.42
110.544 205.251
117.176 206.325
125.296 206.708
134.326 205.517
142.959 205.057
83.1971 151.57
89.9999 146.626
98.1519 146.989
106.567 152.016
98.2907 153.66
89.6501 154.327
148.313 149.047
156.421 142.866
166.117 143.312
176.073 147.803
166.976 151.186
156.962 151.744
109.438 231.402
112.909 224.847
119.998 222.203
128.2 223.645
139.977 222.43
151.438 225.085
161.384 230.007
153.405 237.304
143.155 241.341
131.597 243.194
122.066 241.756
114.635 238.044
121.596 229.289
129.12 230.069
141.358 228.458
142.127 232.712
130.191 234.466
121.714 233.462
