73.0494 89.3989
81.0339 84.0213
90.4165 79.4048
101.136 78.1813
111.658 81.0198
148.802 81.8316
162.636 79.7245
175.623 81.5459
187.338 88.0269
196.433 96.9291
130.578 111.974
130.173 130.429
129.512 148.362
128.659 166.157
110.491 169.673
119.357 175.522
129.961 178.838
139.843 176.256
148.982 170.756
82.3525 117.141
90.6208 112.351
100.913 112.236
109.752 117.919
100.586 120.3
90.546 120.289
153.688 120.414
162.212 114.609
172.882 115.169
181.568 121.042
172.409 123.854
161.894 123.312
98.4207 190.706
106.964 190.157
117.201 191.236
127.616 193.479
139.027 191.526
150.363 190.695
160.243 191.672
150.225 197.751
139.027 200.347
127.243 201.826
116.896 199.389
107.195 196.469
113.55 194.673
127.057 197.302
142.03 195.072
141.452 194.67
126.743 196.441
114.131 194.661
