71.3781 169
78.0878 164.693
85.9489 162.428
94.9409 162.406
103.629 163.712
156.796 165.059
163.794 163.293
170.989 162.292
178.473 162.414
187.033 164.146
132.001 192.396
132.438 203.912
133.031 215.087
133.396 226.493
120.37 240.548
126.896 241.175
133.634 242.06
140.713 241.894
146.859 241.341
85.8364 192.603
93.0424 187.716
101.892 186.851
109.126 192.021
102.056 195.919
93.1298 195.847
156.132 192.076
163.343 187.211
171.841 187.48
177.871 192.152
171.691 195.805
163.755 195.728
115.437 267.883
120.364 262.032
127.23 259.19
134.304 260.051
143.069 259.139
150.535 261.815
154.389 268.748
148.238 269.661
141.976 269.774
134.797 271.084
127.59 269.661
122.103 268.574
126.213 265.807
134.491 266.729
144.202 265.64
144.279 266.058
134.579 266.318
126.192 265.806
