70.9793 174.077
77.8049 168.568
86.5466 166.475
95.3896 165.247
104.396 165.449
136.939 157.299
147.875 153.548
159.47 151.402
171.415 152.206
180.818 157.406
125.712 189.942
126.739 199.094
127.839 207.62
129.206 216.199
123.79 230.954
128.203 230.718
133.003 229.611
138.615 228.238
144.103 227.41
85.9175 195.749
91.4321 190.396
99.7078 189.543
107.698 194.679
100.531 198.384
92.4121 198.889
145.256 187.458
150.113 179.486
159.178 177.709
169.737 180.229
162.776 186.423
153.47 188.939
115.459 255.286
119.24 249.59
125.11 245.667
133.406 244.799
143.541 243.264
152.911 245.496
161.107 248.278
155.839 255.594
148.63 260.052
138.961 262.914
128.784 263.113
120.631 261.064
126.314 252.766
135.169 250.569
146.451 249.426
147.289 253.527
136.325 256.68
126.774 256.458
