79.3182 119.28
86.5598 114.64
96.5337 113.478
106.181 115.326
115.553 118
155.22 120.648
167.764 118.569
180.816 119.24
193.638 122.504
203.198 130.933
130.613 150.447
127.953 159.644
125.207 168.448
122.563 177.756
111.754 191.591
117.39 192.748
123.672 193.827
130.466 194.003
136.669 193.261
90.7928 145.756
98.6563 140.777
108.354 142.501
115.485 149.738
106.256 152.624
97.1829 151.737
156.761 154.249
164.729 147.464
175.062 148.075
183.275 154.436
174.726 158.524
164.873 158.616
102.932 217.191
108.681 210.258
116 205.174
124.191 205.242
134.681 206.82
142.511 214
149.064 221.586
141.627 226.732
131.917 228.623
121.571 228.707
113.339 226.898
107.226 223.222
116.815 214.272
123.96 213.835
131.902 216.018
131.93 219.853
123.38 219.305
116.15 218.294
