63.4575 172.414
76.6404 167.656
91.013 168.373
104.897 171.297
117.889 175.252
154.017 171.167
163.942 167
174.472 162.66
185.56 159.849
195.947 162.127
136.729 194.488
137.307 207.407
138.503 220.32
139.572 233.374
120.055 241.047
129.704 241.855
139.108 241.986
146.181 240.689
152.999 237.81
79.3996 195.042
90.5521 193.432
100.61 193.747
110.183 197.598
100.315 200.279
89.7796 199.51
157.866 194.055
166.296 187.377
175.847 186.073
184.64 186.593
177.579 192.47
167.621 194.971
99.9951 258.755
112.498 255.892
124.931 253.962
137.794 254.401
146.304 252.233
155.008 252.307
163.089 253.078
156.486 262.55
148.205 269.812
136.228 273.178
121.675 272.249
109.493 266.579
119.974 260.403
137.345 260.977
149.082 257.955
148.863 259.531
136.325 262.841
118.943 261.789
