72.9963 152.446
83.7785 146.278
97.2317 145.037
110.7 146.514
122.898 150.101
174.291 161.211
186.068 160.908
197.768 163.265
208.311 169.207
214.823 177.842
144.966 191.617
145.087 203.408
144.262 214.759
143.021 226.241
120.51 232.543
128.306 235.296
136.978 237.925
145.029 238.502
152.015 238.065
86.6743 180.829
98.0608 179.263
106.773 180.775
113.421 187.493
103.978 187.759
95.1565 185.582
168.624 197.088
179.089 194.89
187.89 196.347
194.584 200.384
186.052 200.626
177.542 200.009
102.635 259.976
112.888 255.594
123.26 252.451
134.249 254.727
144.044 255.647
152.141 261.716
158.518 267.811
152.096 276.146
142.048 282.107
130.023 282.941
117.488 277.797
108.463 269.642
118.154 258.693
132.779 260.926
145.472 263.509
144.732 273.169
131.007 274.493
116.103 268.184
