83.1195 141.979
90.7319 140.304
98.2301 142.033
105.936 145.206
113.748 150.605
161.688 162.102
176.611 160.945
191.431 163.973
204.843 170.632
215.819 180.562
133.043 182.459
129.948 198.554
126.316 214.852
123.039 230.479
111.821 239.412
118.398 242.368
125.84 245.341
135.214 245.844
144.183 244.803
89.2626 173.484
97.7667 170.012
108.49 172.55
115.703 182.806
104.615 182.635
94.5783 179.61
163.598 191.949
174.28 187.227
186.22 189.499
197.06 196.626
184.696 198.936
172.949 197.645
103.801 259.003
109.716 255.914
118.103 255.921
126.91 258.902
139.381 260.962
151.245 266.318
162.749 273.118
151.598 278.305
139.28 278.759
125.642 276.885
115.713 273.127
108.386 267.734
114.481 262.057
126.344 265.365
143.263 268.272
143.348 270.383
126.754 267.877
115.162 263.915
