70.0311 136.255
81.308 130.56
94.6038 130.511
107.257 133.565
119.282 138.077
150.155 140.519
160.699 137.818
171.879 136.104
183.009 137.668
192.537 142.914
133.187 157.617
132.131 168.467
130.927 179.945
129.764 191.523
115.953 203.352
121.659 204.206
128.57 204.979
134.534 205.271
139.902 205.343
82.9088 157.16
92.996 150.799
102.838 152.186
108.432 161.88
99.855 163.494
90.1161 162.054
153.377 164.813
161.437 156.281
171.177 156.801
179.164 164.213
171.44 167.981
161.857 168.054
102.566 227.156
110.281 223.94
118.326 221.254
127.305 222.417
135.171 222.298
141.724 226.199
147.294 231.422
141.823 236.473
134.695 238.629
125.55 239.028
115.624 236.894
107.776 233.299
116.198 227.73
126.42 228.741
135.077 229.116
135.375 230.415
126.208 230.016
115.881 228.995
