70.9062 155.778
82.3966 150.912
95.5149 150.686
108.643 152.978
121.411 157.254
169.205 165.609
178.053 165.923
187.499 167.273
196.554 170.012
203.732 174.841
139.277 187.586
137.066 200.543
134.904 213.58
132.743 226.576
116.801 237.586
123.171 239.188
130.346 240.439
135.503 240.801
140.672 240.811
84.4798 176.584
95.8227 173.682
106.729 176.197
112.373 185.915
102.291 186.159
90.8269 184.069
158.312 194.694
169.066 187.659
179.825 189.064
188.836 194.986
179.38 199.892
167.501 199.448
103.599 260.156
110.238 255.834
118.642 253.185
128.608 254.36
135.813 255.209
141.318 259.829
145.52 266.344
140.56 270.119
133.772 271.432
125.392 270.303
116.678 267.772
110.148 263.858
117.553 259.031
127.101 260.785
135.767 262.188
135.242 264.719
126.509 264.07
117.809 261.189
