80.0022 165.508
90.821 160.17
102.873 159.773
113.958 163.088
125.46 167.01
155.641 174.624
166.052 170.84
176.801 168.779
187.808 170.403
195.6 178.027
139.044 195.159
139.634 205.984
140.21 216.585
140.92 227.768
123.999 238.667
131.095 240.686
138.335 241.483
144.765 241.111
150.363 239.839
90.2105 192.817
99.4778 189.656
109.066 190.732
115.879 197.187
107.338 199.3
98.0512 198.305
157.757 200.978
165.506 196.452
173.716 196.026
180.937 200.612
174.023 203.912
165.742 204.015
107.725 262.643
117.033 256.209
126.283 251.484
137.3 253.169
146.851 252.929
153.905 258.993
158.807 265.824
155.247 274.917
147.09 280.037
135.88 280.995
123.706 277.775
114.321 271.423
123.558 258.291
137.347 258.691
149.108 259.875
148.424 270.54
136.381 271.407
122.961 268.308
