68.7662 115.321
76.9141 107.154
87.8466 102.918
99.9548 102.954
110.734 106.049
152.148 100.341
162.891 95.4008
174.86 93.9206
186.339 96.7413
194.669 104.199
133.31 131.945
134.978 144.436
136.917 156.204
138.854 168.352
126.011 184.011
132.55 184.967
139.967 185.384
148.2 183.597
155.591 181.241
83.0024 137.906
92.6975 132.264
102.37 132.14
110.024 137.412
101.643 138.654
92.6004 138.834
159.668 130.75
167.195 125.422
176.662 124.789
184.236 127.23
176.809 129.683
168.098 130.715
118.751 209.709
126.726 205.121
135.395 203.1
144.245 202.582
153.396 200.517
161.895 200.835
170.023 202.781
163.733 209.198
156.712 214.64
147.245 217.245
136.772 216.848
127.942 214.095
133.221 208.577
145.366 209.241
155.965 205.757
156.914 206.556
145.829 208.886
133.44 208.455
