77.4548 69.4063
87.6935 62.6082
99.3533 60.4471
111.293 60.9594
123.021 63.516
173.443 63.3244
185.635 59.1243
198.902 58.3927
211.802 61.0106
221.962 68.5576
148.297 92.6021
149.337 104.433
150.419 116.311
151.329 128.873
133.276 145.566
141.259 147.234
150.716 148.081
159.91 147.442
168.785 146.101
93.872 95.2925
103.917 90.1589
114.871 90.0003
123.638 98.5201
113.749 100.767
102.934 100.488
176.955 98.2711
185.274 88.7466
196.48 88.4998
206.981 94.7343
197.835 99.3125
187.05 100.143
119.042 176.076
129.897 168.683
140.398 163.261
151.819 162.966
165.146 162.22
175.811 168.208
187.243 174.761
180.66 189.871
169.569 201.24
152.765 206.001
136.352 202.556
125.449 191.196
135.342 171.481
151.862 169.294
169.818 170.618
171.431 190.468
151.819 195.84
133.096 190.817
