65.4587 152.415
77.5742 147.967
91.223 147.557
104.322 148.936
116.959 152.094
155.519 157.702
166.083 156.243
176.4 157.048
186.763 158.64
196.517 161.974
135.977 181.896
135.972 193.747
135.967 205.51
135.867 217.152
120.353 231.407
127.562 230.969
135.042 231.397
140.299 231.645
145.799 232.296
77.2613 179.103
88.2898 173.795
99.1394 174.736
105.807 183.559
96.3449 186.471
85.1959 185.128
153.862 188.376
164.118 181.003
174.161 182.785
182.44 189.288
173.754 193.062
163.464 192.976
106.879 259.097
113.531 252.478
121.836 247.202
132.752 247.149
141.943 247.943
149.001 254.194
153.069 261.242
148.803 268.052
141.165 271.74
131.305 272.325
120.816 270.583
112.781 266.571
121.842 254.373
131.399 253.39
140.238 255.709
139.873 260.295
131.265 260.862
122.26 258.962
