78.0622 178.052
85.1197 173.118
94.363 171.297
103.151 171.681
111.644 175.362
140.042 170.152
152.995 163.336
167.534 160.505
182.207 161
195.383 165.604
125.414 187.678
122.678 196.251
119.019 204.922
114.889 213.087
107.261 234.898
112.592 235.404
118.536 234.963
127.245 233.42
136.13 231.414
82.5146 203.62
88.7887 195.677
97.9426 194.961
105.42 199.469
97.8983 203.632
89.3603 205.251
153.694 192.018
159.78 185.079
169.285 184.579
179.305 189.232
170.567 192.989
161.542 193.759
100.119 269.774
100.515 258.369
106.003 248.751
115.212 247.01
128.441 245.976
140.643 252.211
151.366 261.143
141.446 267.316
130.744 270.679
119.073 272.698
111.128 273.075
104.828 272.062
107.815 259.502
116.633 254.887
133.269 255.93
133.681 262.162
118.033 263.483
109.336 264.812
