68.1278 172.685
78.1878 165.83
89.603 160.571
101.87 159.96
114.053 161.954
151.337 156.216
160.408 152.611
169.906 150.547
179.625 151.586
188.998 154.098
136.088 178.81
138.374 192.014
141.041 204.583
143.356 216.885
122.75 231.28
133.124 231.594
143.523 230.881
151.84 229.489
159.713 227.824
83.078 188.303
91.9576 182.706
101.528 181.935
110.067 187.903
101.342 190.562
92.4073 190.701
157.557 182.853
162.816 175.621
171.683 174.011
180.195 177.903
173.637 182.196
165.483 183.671
105.665 257.895
117.372 251.968
129.377 246.829
142.724 246.111
153.33 244.83
163.287 247.339
171.549 251.138
164.701 260.92
155.633 267.196
144.083 270.293
129.578 269.848
116.462 265.154
125.964 253.974
142.515 252.832
155.287 251.416
156.674 257.863
143.158 260.277
126.325 260.284
