78.7704 119.825
90.8873 117.935
102.759 117.582
114.872 120.457
126.233 125.05
165.388 134.54
175.352 131.435
185.663 131.027
196.245 133.177
206.984 137.029
140.057 150.283
139.243 165.354
138.48 180.272
137.484 194.705
118.202 203.034
125.91 207.551
134.982 210.216
144.289 209.828
152.701 207.92
87.5497 147.766
96.5881 143.166
107.371 144.699
116.444 152.371
105.629 154.417
95.1592 153.37
161.129 160.073
169.582 154.866
179.657 155.503
187.374 161.288
178.749 165.819
169.012 165.355
100.885 223.508
113.119 221.753
124.448 220.559
135.716 222.534
145.399 223.078
153.762 227.115
161.647 231.985
152.968 237.488
143.256 240.572
132.399 240.599
120.302 236.931
110.096 230.986
120.799 227.137
134.04 229.437
144.279 231.299
144.399 231.488
133.542 231.319
121.278 228.034
