73.2546 181.241
80.2801 175.645
89.3165 172.242
99.1442 172.51
108.96 173.382
157.303 167.284
170.793 162.025
183.914 158.189
197.528 157.43
208.956 163.118
138.419 199.79
139.846 213.783
141.485 227.877
143.624 242.294
133.978 258.477
140.014 257.753
147.009 256.975
154.493 255.13
161.862 253.398
88.6088 209.607
96.1146 204.631
105.699 202.756
115.706 208.536
106.366 212.573
96.8236 212.66
170.604 200.096
177.738 192.639
187.664 190.455
197.799 194.111
189.651 199.939
180.071 202.198
127.438 288.1
133.33 281.62
139.843 277.058
147.501 276.566
157.072 273.769
167.258 277.588
177.35 282.287
170.775 289.962
161.902 293.391
151.417 295.247
142.615 295.448
134.224 293.63
141.793 284.152
148.923 283.026
157.48 281.677
158.003 285.595
150.312 286.702
142.938 287.121
