44.4535 164.785
59.3949 154.316
75.6542 147.519
93.8915 145.145
112.747 145.94
152.484 148.561
159.869 145.07
166.945 143.448
173.422 142.736
179.298 144.553
134.732 184.085
137.493 199.331
140.684 214.129
143.469 228.931
120.282 250.746
127.983 249.645
135.045 249.297
139.52 248.2
143.714 247.672
66.6289 188.446
78.6809 182.932
90.6233 180.922
99.3123 188.727
89.2063 191.164
77.9887 190.907
148.124 184.741
155.233 175.53
165.345 174.116
170.757 181.01
165.065 185.052
156.142 185.962
99.5435 285.883
108.293 278.632
119.283 272.979
131.274 273.234
138.029 272.449
142.98 275.188
144.078 280.261
140.831 286.746
136.138 291.531
128.87 294.872
117.584 294.601
107.478 292.114
121.654 281.077
129.877 281.666
133.266 280.582
133.052 281.24
130.217 281.624
122.566 281.994
