83.3267 152.365
93.4167 149.752
104.678 151.071
114.819 155.392
124.605 160.671
162.129 170.298
172.351 170.59
181.832 171.499
190.783 174.932
197.621 181.453
139.718 191.39
137.367 202.793
134.849 214.665
132.116 226.688
117.26 234.973
122.844 236.943
129.047 239.161
134.628 239.79
139.655 240.047
87.8626 177.89
98.6879 174.899
108.596 178.362
114.105 188.068
104.23 188.581
94.149 185.162
156.758 199.122
165.453 192.722
175.061 194.135
182.289 200.993
174.402 204.952
164.608 203.641
100.96 252.508
108.913 251.869
116.718 251.825
125.277 254.38
132.904 255.031
139.058 257.618
145.114 260.626
138.101 262.874
131.577 265.211
122.511 265.74
113.212 262.297
106.85 257.445
113.116 255.363
123.762 258.282
134.63 258.956
134.359 260.028
123.732 259.378
112.871 256.039
