66.5696 169.664
73.1609 163.096
82.0449 159.526
91.5254 157.676
100.824 159.062
145.089 152.323
154.06 148.776
163.824 145.128
174.282 143.19
184.798 144.046
128.31 184.786
129.253 196.568
129.641 207.068
129.981 217.491
121.63 235.266
126.605 234.241
132.843 233.854
139.74 232.548
146.705 231.166
80.2856 194.929
87.6757 188.99
97.2454 187.801
106.439 192.824
98.4473 197.208
89.3321 198.084
155.529 182.282
161.033 174.496
171.433 172.134
181.33 175.543
173.922 181.57
164.412 184.033
110.927 265.884
115.683 255.409
124.736 249.173
136.047 248.026
148.044 245.778
160.341 248.217
171.907 253.058
164.807 263.103
154.016 269.227
141.899 273.6
129.325 274.818
117.341 273.729
124.197 258.709
137.658 256.462
154.198 253.137
155.526 260.391
139.351 265.045
124.612 267.106
