66.9532 112
72.6323 105.094
81.5824 99.7299
91.5431 97.1234
102.213 97.0614
151.71 87.6478
161.865 85.3961
172.052 85.1558
181.825 87.5701
189.026 93.1449
133.228 115.722
136.563 125.638
139.65 135.681
142.587 145.64
127.597 164.327
135.414 163.343
143.345 162.247
150.871 160.32
157.517 158.275
76.6374 129.08
85.9814 123.612
95.4823 120.993
104.609 124.824
95.0329 125.409
85.4964 126.647
157.055 114.545
164.749 110.028
173.942 109.585
181.926 111.257
173.848 111.919
165.097 113.192
109.264 186.579
119.757 180.18
131.566 175.466
145.051 173.809
156.398 170.429
167.452 170.816
177.363 174.235
171.906 184.61
162.914 191.151
150.162 195.608
134.309 196.26
120.811 193.725
126.545 181.799
145.596 178.441
162.619 174.331
166.026 184.715
148.743 189.207
127.979 191.033
