78.4848 80.3234
82.1028 74.9525
88.2453 72.9889
94.1862 72.8967
101.131 74.1967
136.125 64.1202
149.186 56.3606
162.776 50.5378
177.747 50.2174
189.79 58.3652
122.538 100.168
122.145 112.544
120.76 124.412
119.349 135.663
114.337 153.266
119.865 155.228
126.961 155.766
135.863 153.162
144.496 149.573
85.6157 107.261
91.3724 100.722
101.139 100.131
110.05 105.222
101.948 108.899
93.1493 109.85
152.104 97.0079
159.618 87.739
171.602 85.1543
182.463 87.8714
173.668 94.5754
162.933 97.133
110.686 182.085
112.827 174.084
118.249 167.582
126.586 167.423
139.685 165.163
151.809 169.061
163.965 173.376
154.726 183.268
143.068 189.647
130.493 192.398
122.132 191.977
114.725 188.288
118.55 177.309
128.112 175.201
143.994 173.168
143.275 175.808
128.209 178.84
119.225 179.951
