71.8496 160.977
79.7252 157.046
88.9516 156.743
98.2913 157.777
107.01 161.48
154.281 162.979
166.673 161.114
179.331 161.622
191.02 164.575
200.076 171.677
130.068 191.848
128.065 203.624
126.037 214.609
124.185 225.703
117.812 240.051
122.058 240.23
127.139 240.799
133.032 241.076
138.309 241.884
82.6818 185.799
89.845 180.287
100.99 181.469
108.303 190.717
98.5773 193.696
88.3928 191.887
154.109 194.049
161.986 185.058
173.468 185.523
183.426 190.932
174.258 196.839
162.979 198.062
104.556 262.935
110.785 258.977
118.629 258.132
126.793 259.535
137.895 259.151
148.322 261.974
158.932 266.427
150.139 274.004
139.034 277.573
125.788 278.087
115.42 275.551
108.572 270.224
118.421 263.674
127.2 265.239
138.843 265.66
139.099 270.538
126.628 270.335
117.321 268.108
