78.7764 140.162
89.1176 137.432
100.054 136.466
111.139 137.43
121.74 140.315
162.127 151.9
170.482 151.021
178.683 151.312
186.771 154.188
192.519 159.751
140.687 166.868
141.178 179.844
141.58 192.311
142.059 204.611
120.075 213.977
127.761 217.932
136.86 220.466
144.485 220.762
151.525 219.219
88.8352 163.49
99.5247 160.106
110.683 162.75
118.254 170.033
107.72 170.856
97.2372 169.74
154.136 177.448
161.826 173.016
171.604 173.53
178.553 180.129
170.64 183.641
161.774 182.283
93.4236 231.154
105.984 227.235
119.727 226.918
133.932 229.955
144.169 230.909
153.424 234.985
158.295 242.156
151.517 250.711
141.397 257.507
127.873 257.556
112.241 252.902
100.134 243.598
111.513 231.082
132.397 235.829
146.416 236.624
144.962 249.48
128.555 250.397
107.498 243.248
