73.9756 167.023
82.054 160.915
91.3358 158.149
101.575 158.138
111.972 158.86
154.621 158.916
164.592 157.053
174.404 155.706
184.593 156.899
192.635 162.072
132.513 190.629
132.747 203.031
133.284 215.299
133.771 226.774
124.207 238.379
129.33 239.562
135.569 239.876
141.919 239.178
147.574 237.852
87.089 190.897
96.1568 185.388
106 185.248
113.97 193.101
105.308 196.613
95.7186 195.653
155.511 191.254
163.022 183.5
172.841 182.849
182.447 187.547
174.329 193.272
164.528 194.155
118.347 264.725
123.096 257.878
129.119 252.731
137.055 253.295
145.263 251.904
151.617 257.583
156.596 263.597
150.733 266.195
144.332 267.344
137.187 267.849
130.288 268.125
123.924 267.213
130.331 259.981
137.489 260.475
144.705 259.129
144.777 260.021
136.853 260.667
129.679 261.034
