76.727 151.221
84.5585 150.219
92.4525 152.263
99.9429 155.271
107.721 158.252
140.841 160.767
154.677 156.68
169.114 153.883
184.048 155.123
196.637 162.293
120.506 187.435
118.204 201.223
115.783 214.736
113.823 228.371
106.1 239.951
112.626 241.665
118.773 242.801
129.69 242.132
139.97 239.344
81.2648 180.509
89.9123 176.832
99.3331 178.462
106.1 186.903
96.8653 189.545
87.1444 187.645
153.261 188.974
163.35 181.409
174.532 181.547
184.192 187.456
175.55 192.952
164.214 193.218
102.371 264.342
108.488 259.928
116.003 258.314
123.694 258.962
134.515 258.292
144.741 260.997
153.157 266.366
144.384 269.689
134.626 271.713
124.104 272.121
115.371 270.873
108.794 268.409
115.091 263.336
124.449 264.168
136.095 263.653
135.856 264.634
123.664 264.65
114.121 264.347
