74.2304 105.276
80.9369 98.3658
90.583 95.8276
101.088 96.1557
111.886 98.5552
154.064 98.2662
163.889 95.9783
173.875 95.1389
183.334 96.7991
190.298 102.772
133.8 117.284
133.658 128.757
133.508 140.495
133.414 152.183
118.23 166.253
125.751 167.329
133.927 168.075
141.668 167.263
148.923 165.922
84.978 119.214
93.6698 114.844
103.676 115.492
112.813 121.613
103.316 122.423
93.7978 122.076
155.463 121.476
163.932 115.116
174.106 114.285
183.76 119.171
174.404 122.241
164.834 122.649
96.2699 183.73
108.106 180.495
121.08 178.231
133.88 179.384
146.107 178.043
158.56 179.986
170.594 182.941
160.756 194.365
148.724 202.715
133.641 205.659
118.407 203.303
105.526 195.735
116.691 186.216
134.453 188.617
150.941 186.425
151.468 191.516
133.806 195.427
115.527 192.153
