53.9557 151.228
66.4079 145.781
80.7166 143.877
94.9531 145.836
109.358 149.477
153.721 149.682
168.562 148.341
182.911 147.848
197.42 149.956
210.164 156.646
134.51 178.86
134.751 192.024
134.578 205.115
134.6 218.806
120.321 232.814
127.231 233.162
135.416 233.932
143.435 233.295
150.686 232.96
72.92 180.122
83.8765 172.64
96.8275 172.528
106.253 181.608
95.2242 186.526
82.5961 186.387
161.716 182.107
172.307 171.885
185.888 172.021
198.312 179.502
186.379 186.074
173.45 185.901
110.148 265.615
116.88 258.417
124.728 251.025
135.009 251.725
145.426 251.594
153.169 258.532
160.666 265.647
153.295 270.449
145.201 273.802
135.322 275.386
125.287 273.992
117.036 270.592
123.954 261.202
134.995 261.902
145.551 261.869
145.073 262.097
134.455 262.588
123.95 261.882
