78.8037 87.7582
88.0896 83.3168
98.4102 84.3486
108.233 86.4229
117.369 90.3752
159.525 90.9228
175.028 88.2385
191.384 87.1363
207.868 90.2794
221.964 98.7673
134.975 113.164
133.076 130.848
131.244 148.133
129.545 165.727
117.408 172.737
124.24 177.147
133.786 179.783
144.474 177.438
154.049 173.429
90.3217 109.236
98.7047 102.312
109.438 103.675
119.251 112.587
108.355 113.585
97.7179 112.8
165.24 116.088
175.347 105.906
188.674 107.293
200.757 115.68
188.618 118.487
175.823 118.434
116.246 192.009
123.71 192.37
131.399 193.055
140.202 194.619
153.602 192.706
167.284 192.824
183.944 193.712
174.307 207.575
160.842 217.177
144.187 220.518
129.987 215.454
121.737 205.086
130.669 198.372
141.376 199.392
158.865 198.459
161.717 207.062
143.855 211.217
131.703 205.462
