68.4941 158.76
78.1461 152.402
91.3346 150.82
104.359 152.354
117.222 155.195
161.401 157.306
172.964 156.125
184.347 156.238
196.032 158.083
205.874 163.757
136.102 183.317
135.853 196.905
135.822 210.483
135.617 223.751
117.605 237.186
125.623 239.802
134.452 241.064
142.243 240.552
148.574 238.75
83.4262 181.692
93.8156 177.158
105.661 177.777
113.414 186.084
103.714 189.061
92.3766 187.471
155.981 189.257
164.28 183.029
175.169 182.821
184.65 187.809
176.273 192.496
165.539 192.38
103.758 259.956
113.273 257.387
122.321 254.988
131.845 256.27
140.508 255.051
148.529 257.811
155.183 263.387
148.903 269.229
141.166 272.439
131.534 273.418
120.556 271.96
111.293 267.45
118.394 262.579
131.304 263.612
142.546 263.365
143.17 263.608
131.665 263.578
118.511 262.044
