69.6897 158.55
76.6517 154.353
84.9046 150.569
93.6467 148.637
103.008 147.141
159.752 144.243
168.936 145.108
177.678 146.855
185.959 149.817
193.183 153.829
133.708 173.961
135.135 183.628
136.809 193.69
138.358 204.209
126.628 220.957
132.112 221.62
138.65 222.092
145.545 221.061
151.102 220.115
86.3448 176.508
94.5322 170.116
103.751 169.427
111.576 175.495
103.306 179.274
94.5667 179.142
158.919 174.292
165.77 166.223
174.855 166.022
183.981 172.542
176.142 175.947
167.416 176.395
118.202 250.478
123.197 242.538
131.489 237.741
140.62 237.956
150.792 236.785
159.983 241.032
165.732 249.04
159.672 254.097
151.855 256.301
142.293 256.78
132.818 256.923
124.237 255.301
131.568 245.499
140.95 245.135
150.611 244.426
151.015 246.97
140.975 247.358
131.047 247.793
