65.9227 168.466
78.5415 164.59
92.2592 163.888
106.345 164.794
120.3 167.752
143.124 165.768
155.518 159.941
168.309 157.054
181.345 156.164
192.698 158.9
132.125 182.572
133.569 197.216
135.074 211.832
136.189 226.05
121.715 237.103
127.941 238.596
135.818 239.434
143.495 237.531
150.673 234.195
77.7143 188.648
88.0513 181.923
101.112 181.347
111.63 189.531
100.59 194.202
87.7927 193.921
151.363 185.757
159.906 176.622
172.544 174.472
183.543 179.439
175.299 187.345
162.394 188.648
110.517 263.46
119.52 258.848
128.279 255.63
137.79 257.141
146.379 253.782
155.073 255.669
163.128 259.158
156.281 265.847
148.397 269.454
138.622 271.376
127.939 270.648
119.055 267.988
127.993 262.173
139.055 262.166
148.261 260.216
147.988 260.566
138.384 262.647
127.645 262.157
