65.5118 165.857
73.7351 160.399
83.6365 156.374
94.4728 155.166
105.363 155.831
152.418 150.261
164.434 146.946
176.225 145.257
188.322 146.892
198.646 151.872
131.065 182.329
132.301 195.677
133.372 208.104
134.854 220.721
122.204 234.447
128.924 235.928
136.123 235.711
144.952 234.844
152.919 231.949
83.9176 188.622
90.8964 183.351
99.8117 182.397
107.949 188.272
100.357 192.248
91.8109 192.27
158.962 183.523
164.844 175.326
174.927 174.438
183.589 179.726
175.939 184.41
167.03 185.92
115.711 259.281
121.65 254.614
129.554 252.076
137.548 252.377
147.854 250.848
156.98 252.481
166.134 255.013
158.573 260.579
149.767 263.946
139.53 266.027
129.956 265.543
121.626 263.735
129.31 258.661
138.216 258.624
149.915 257.42
150.359 257.654
138.302 258.646
128.8 259.177
