61.8743 63.9965
68.245 54.7769
78.6852 48.6555
91.3317 46.2229
104.365 45.6367
161.65 44.5857
172.726 42.8289
184.152 43.2165
194.482 47.5739
201.069 54.6912
135.121 88.6498
135.076 103.198
134.755 116.796
133.694 130.101
119.455 144.657
125.553 144.38
132.739 144.476
139.244 143.723
145.585 143.929
74.1546 86.2682
83.5586 79.9941
93.905 80.2034
101.279 88.6567
91.5002 90.5191
82.1255 90.1527
162.584 85.3261
169.432 76.7972
179.493 76.0852
188.358 80.8839
180.951 86.1201
172.019 86.9815
108.136 176.282
113.606 171.48
122.213 166.715
131.727 167.874
140.891 166.469
148.605 169.581
153.747 174.362
148.352 179.134
140.213 180.667
131.064 181.43
122.186 181.423
113.77 180.528
124.516 173.483
131.662 174.349
138.125 173.308
137.867 173.858
131.492 174.146
124.887 174.574
