57.1799 137.871
64.3163 130.675
73.8897 127.625
83.7965 126.965
94.1339 128.736
150.72 120.34
158.452 115.656
166.152 112.014
174.539 112.895
180.326 117.994
127.192 158.061
131.19 169.346
135.041 180.542
138.246 191.617
119.359 205.051
127.813 205.412
137.722 205.176
145.198 203.554
150.936 202.236
70.4736 165.52
80.2068 157.657
91.172 155.413
101.285 162.707
91.7822 166.224
81.3863 166.511
150.777 154
158.226 145.102
168.405 142.524
177.749 147.805
171.364 153.132
161.4 154.64
101.619 232.825
112.621 224.545
124.647 218.175
137.677 217.807
147.167 215.981
155.965 217.737
162.066 223.614
157.905 232.429
151.502 239.04
140.923 243.258
126.335 244.034
112.455 241.019
122.077 226.798
138.476 224.168
148.941 223.185
150.032 228.544
139.571 232.475
121.941 234.349
