72.7464 159.76
78.2291 156.392
84.6622 155.394
91.2423 156.145
98.1936 157.852
145.541 155.901
158.706 150.509
172.847 148.17
187.523 149.433
199.257 156.608
122.131 184.758
119.709 195.688
116.749 206.898
113.854 218.487
109.087 239.231
114.553 238.986
120.881 239.454
129.82 238.527
138.445 236.759
83.757 192.629
90.5476 184.884
102.76 183.759
113.149 191.93
103.632 197.309
91.4085 198.49
150.889 189.249
159.387 178.327
173.189 177.238
186.398 182.796
175.746 191.065
162.276 193.003
103.507 268.827
105.949 259.119
112.493 252.43
121.257 251.602
134.119 250.34
146.034 255.68
156.379 263.896
145.977 270.778
134.698 274.987
122.472 277.166
114.717 276.791
107.396 274.425
116.058 261.633
122.273 260.473
132.732 258.793
131.73 262.07
121.209 264.989
115.614 265.89
