63.1199 170.762
72.2009 164.53
83.7785 163.21
95.5005 164.546
107.482 167.39
150.098 166.96
160.853 163.478
171.587 160.677
182.215 161.476
189.99 166.371
130.038 188.725
130.947 201.874
131.603 214.936
131.991 227.912
114.213 240.539
123.553 241.92
132.91 242.153
141.822 241.247
149.906 239.772
75.0418 185.602
84.9623 181.211
97.1069 180.898
106.847 189.985
96.215 193.276
84.4515 192.015
151.582 187.585
159.969 179.288
171.522 178.694
182.325 182.823
172.884 189.35
161.343 190.542
99.9941 274.37
107.49 262.302
119.323 254.997
133.75 254.714
147.387 253.817
159.043 260.424
167.905 270.976
160.775 280.069
150.771 285.755
136.366 288.276
120.967 287.947
109.31 283.338
117.655 261.27
134.333 259.932
149.967 260.102
150.589 278.603
134.878 281.291
118.076 280.014
