65.4646 143.173
75.7027 143.176
86.2304 146.463
95.6359 151.669
104.06 158.218
144.412 165.627
156.049 164.866
167.447 163.83
179.283 164.16
188.575 168.689
123.124 182.34
119.78 198.926
116.07 214.632
111.95 230.142
98.3757 230.656
105.907 235.581
115.01 238.656
124.912 238.373
133.994 236.337
77.2991 169.478
86.5383 168.001
96.9436 171.265
103.138 179.26
93.0739 180.09
83.2467 177.571
144.602 190.824
154.042 185.615
165.028 186.035
174.437 190.738
164.476 197.128
153.878 196.113
94.9127 250.475
101.239 249.29
107.254 249.403
114.363 251.795
126.209 251.961
137.153 251.883
148.303 252.513
140.48 262.396
130.154 268.678
116.675 269.709
106.037 266.561
99.0493 259.902
105.075 253.718
114.827 256.369
130.842 255.574
132.133 260.576
116.795 260.562
106.154 257.647
