61.9286 166.998
70.9875 157.686
84.0227 153.891
97.4443 155.001
110.343 159.231
143.02 157.982
156.421 153.733
170.802 152.115
185.345 155.622
195.763 165.382
127.143 181.433
126.649 194.014
125.979 206.22
125.192 218.421
114.092 235.677
119.714 235.574
125.894 235.671
132.686 235.31
139.441 234.687
77.3832 188.596
87.5045 182.395
99.0354 183.075
107.942 190.401
97.802 193.104
86.7672 193.254
149.413 188.178
158.667 182.298
169.58 182.14
179.249 188.477
169.486 192.625
159.111 192.122
104.6 263.667
110.274 256.379
117.003 251.036
125.48 251.306
135.055 250.724
143.689 255.964
152.458 261.829
144.963 267.659
136.23 271.4
126.782 271.628
118.141 271.544
110.559 268.042
118.595 260.419
126.205 260.576
136.226 260.006
136.914 260.235
126.069 261.191
118.172 261.32
