68.6448 159.844
78.5862 152.825
90.9507 151.198
103.937 151.132
116.868 152.073
158.181 152.5
169.654 151.745
181.087 152.234
191.92 154.715
201.483 160.766
138.27 182.512
138.856 193.268
139.647 203.975
140.463 215.543
125.127 230.293
131.629 231.136
139.001 231.386
145.411 231.569
151.248 231.67
85.8697 183.922
95.4123 178.474
106.166 178.824
114.351 186.719
104.707 187.758
94.2147 187.059
158.367 186.907
165.934 179.53
176.061 179.441
185.28 185.677
176.891 188.392
167.26 188.717
104.415 256.319
112.689 247.409
124.592 241.811
137.644 241.867
150.9 242.587
162.468 248.657
169.89 258.378
162.195 267.786
149.936 272.978
135.741 273.985
122.22 272.274
111.146 266.434
123.073 249.21
137.294 249.977
152.281 250.694
151.024 262.487
135.708 262.792
122.377 261.926
