68.2151 165.565
74.325 160.253
82.2596 159.883
90.5764 161.378
98.5345 164.015
137.021 155.597
149.271 149.256
163.065 145.49
177.21 146.86
189.99 151.553
118.891 186.613
118.965 201.436
118.078 215.389
117.349 228.689
112.933 235.825
117.75 237.663
124.288 238.311
132.03 236.62
139.032 234.49
79.2708 191.493
85.5568 187.181
94.6368 186.797
104.736 191.297
95.9796 194.319
86.2687 195.296
148.733 184.694
156.981 178.754
168.508 176.985
180.141 179.731
171.01 184.651
159.518 186.051
112.17 261.293
113.881 253.157
119.772 249.064
126.922 249.754
138.796 248.686
149.171 253.45
157.502 260.056
150.879 266.987
140.584 271.108
130.178 272.574
122.148 271.28
116.888 266.208
120.329 256.437
128.132 256.015
141.036 255.636
140.959 261.165
128.382 263.663
121.052 261.87
