79.994 147.851
88.5782 139.114
101.25 136.088
113.917 137.345
126.686 139.976
174.332 139.608
188.625 137.354
202.532 136.542
215.358 139.39
224.281 149.132
150.389 178.044
149.595 194.714
149.312 210.488
148.947 225.998
132.855 235.155
140.363 238.436
149.341 239.929
159.093 238.651
166.431 236.018
94.9053 175.83
105.391 169.87
116.148 170.597
123.955 180.086
113.898 183.256
103.144 181.748
177.565 180.209
185.315 171.81
195.644 171.724
205.582 178.019
197.513 182.968
186.906 183.722
125.966 270.94
133.691 263.694
141.667 259.193
150.993 261.807
160.817 259.493
169.683 264.028
177.031 270.51
169.602 274.707
160.804 276.578
150.953 277.519
141.252 276.975
132.729 275.361
142.012 266.806
150.671 268.216
159.014 266.898
159.686 268.372
150.282 269.383
141.269 268.505
