83.0509 128.593
93.2075 120.351
105.117 115.953
118.387 115.935
131.387 117.42
172.869 119.1
186.842 117.441
200.951 118.167
213.305 122.515
222.759 131.565
150.164 155.903
150.884 170.377
151.342 184.698
151.68 199.064
138.654 216.453
145.111 216.57
152.236 216.373
159.491 216.751
165.875 216.465
98.0302 157.244
107.713 152.051
117.878 151.616
126.688 159.403
117.169 163.074
106.638 162.129
175.955 158.318
184.527 151.681
195.53 151.898
204.45 157.28
196.252 162.403
185.617 162.548
131.317 250.703
138.014 246.635
145.268 244.575
152.199 245.24
159.452 244.105
166.787 246.244
172.977 249.678
166.983 253.353
159.93 254.358
152.378 254.93
144.279 255.07
136.768 253.788
146.163 250.114
152.537 250.543
158.265 249.951
158.272 250.025
151.921 250.773
145.48 250.257
