56.5432 78.7795
67.9389 67.8132
83.1306 62.8678
99.8336 64.6723
115.091 68.7814
152.334 75.8452
161.332 74.0388
170.681 73.327
179.196 75.3283
185.199 80.8504
137.672 106.816
140.615 118.454
143.881 130.117
147.158 141.596
130.013 161.79
136.493 161.329
143.91 161.621
148.996 161.642
154.127 161.767
78.2109 104.47
88.2763 98.4874
99.7238 99.288
107.985 107.38
97.821 110.274
87.3644 109.876
150.852 111.037
160.556 102.455
171.145 102.333
179.126 109.09
171.365 114.013
161.511 114.014
110.489 191.966
119.717 183.156
131.148 176.839
144.139 176.606
152.945 177.599
159.542 183.888
162.631 193.717
156.221 195.592
149.389 196.517
142.13 196.046
131.533 195.641
120.51 194.337
132.733 185.438
143.275 185.104
149.56 186.617
149.482 187.291
143.113 186.352
132.652 185.605
