73.7797 170.594
85.7765 165.209
98.2492 162.678
111.184 162.805
123.608 165.629
165.748 167.505
179.481 165.993
193.311 165.886
206.747 168.558
218.195 175.453
145.312 188.433
145.292 202.728
145.2 216.956
145.467 231.564
123.631 243.001
132.936 246.984
142.442 249.132
152.095 247.82
160.965 244.864
90.1097 186.826
100.413 182.443
112.025 182.751
121.354 188.897
110.98 192.708
99.2939 192.392
168.779 189.688
179.106 184.86
190.291 185.882
200.127 191.225
189.895 194.565
178.623 194.21
102.405 265.504
114.903 265.373
127.941 266.527
139.736 268.953
151.507 267.802
163.491 268.562
175.217 270.489
163.482 274.817
151.863 277.026
139.417 277.664
126.385 275.8
114.126 272.292
124.434 268.939
139.321 271.219
153.631 271.294
153.45 271.319
139.571 271.312
124.243 269.224
