69.4204 151.546
77.7034 142.634
89.8671 138.247
103.387 139.137
116.253 142.918
147.89 142.029
160.215 135.89
174.106 133.67
187.464 138.144
196.975 146.961
131.387 165.351
132.166 177.235
133.075 188.66
133.743 200.241
121.214 219.285
127.309 219.07
133.701 218.908
140.006 218.417
146.944 218.259
81.7729 171.254
90.6838 165.729
101.124 165.651
110.592 172.763
100.707 175.763
90.6679 175.659
154.742 171.26
163.045 162.313
174.558 161.764
184.93 167.448
175.781 172.766
165.276 173.938
107.24 244.326
117.128 238.889
126.255 234.801
136.019 235.426
146.429 234.194
155.113 238.165
164.12 242.134
157.661 251.056
148.277 256.985
136.251 258.991
124.501 257.978
114.904 252.286
125.967 242.425
136.168 242.746
146.573 241.95
146.732 244.245
135.52 245.376
125.023 244.775
