68.2706 159.882
81.3631 153.505
95.8287 150.888
110.67 152.326
124.32 157.336
168.046 164.882
175.779 163.928
183.741 165.949
190.658 170.396
195.153 177.499
139.545 189.589
139.56 203.06
139.514 216.041
139.323 230.066
114.996 238.647
124.371 241.987
133.039 244.098
140.011 244.676
146.393 243.962
82.9447 182.55
93.832 180.419
104.11 181.249
111.598 188.063
101.665 188.559
91.918 186.901
156.309 197.676
166.452 194.241
176.355 194.699
182.747 199.838
174.262 201.018
165.39 200.303
86.843 259.684
101.197 257.52
114.772 256.068
128.954 258.041
138.041 258.673
146.244 262.403
150.328 269.182
144.154 277.903
134.995 283.884
123.646 284.123
108.349 279.162
95.5445 271.075
108.117 261.57
128.502 263.247
141 264.879
138.952 273.681
125.092 275.645
105.658 270.297
