79.0404 157.642
88.4993 154.393
97.6982 154.234
107.139 154.19
115.531 155.961
143.5 159.06
151.885 157.278
159.776 156.866
167.83 157.103
175.751 159.612
131.86 185.443
132.609 196.04
133.233 206.505
133.701 216.487
121.398 227.345
126.233 227.893
131.541 228.238
136.544 228.181
140.913 227.788
88.9577 184.489
97.0256 180.142
105.066 181.095
111.701 186.879
104.384 190.388
95.8005 189.257
145.98 187.213
152.743 181.32
160.531 181.4
167.018 186.078
160.974 191.522
152.791 191.298
106.306 253.793
113.262 246.329
121.585 239.812
131.535 239.68
140.331 239.996
146.445 247.088
149.433 255.498
146.026 265.068
139.542 273.004
128.598 274.947
117.234 272.273
108.926 264.771
120.767 247.571
131.185 246.808
138.82 248.862
137.873 262.555
128.99 264.136
118.597 261.148
