65.4201 168.547
73.8615 161.486
84.7129 157.469
96.2375 156.227
107.63 157.248
150.376 154.595
162.938 153.333
175.76 153.445
188.593 155.475
199.337 162.446
129.186 186.006
129.388 196.552
129.161 207.068
128.951 217.004
118.017 235.513
123.344 235.689
129.771 235.687
136.602 235.247
142.626 234.895
84.1016 189.082
91.8348 183.976
101.088 183.796
108.447 189.905
100.535 193.597
91.8027 193.189
153.952 187.491
160.816 180.101
170.191 180.162
179.764 184.65
171.295 189.805
162.351 190.692
108.606 265.963
113.333 258.38
121.099 253.047
130.273 252.152
139.794 252.361
147.955 257.216
155.155 263.186
149.048 268.094
141.118 269.376
131.962 269.936
123.444 269.801
115.227 269.46
122.398 261.062
130.815 260.384
139.693 260.362
139.75 260.839
131.239 260.85
122.687 261.608
