71.466 156.088
80.3541 149.052
91.8177 146.695
103.701 147.622
115.198 151.688
151.899 154.121
164.329 151.097
177.131 150.945
189.563 153.579
198.289 161.766
135.553 179.427
135.131 192.125
134.481 204.87
133.649 217.461
117.699 221.051
124.404 224.129
132.277 226.054
139.633 225.568
146.807 223.254
83.0643 176.289
91.9309 174.406
101.154 174.479
109.909 177.782
100.344 176.53
91.0368 176.203
157.744 179.127
166.505 176.97
174.771 178.138
182.938 180.784
174.753 179.353
166.071 178.852
103.225 247.024
112.041 243.125
122.235 240.209
131.878 242.734
141.454 241.072
150.98 245.173
160.101 248.952
151.951 256.798
141.463 259.294
130.319 259.863
119.36 258.28
109.832 254.577
120.792 246.704
131.618 248.158
142.28 247.737
142.178 251.155
131.192 252.329
120.081 250.66
