61.8414 168.472
70.0478 159.157
82.164 155.251
94.742 156.813
106.75 160.01
144.761 156.606
157 150.604
170.547 145.766
184.567 147.39
196.252 154.807
127.721 180.856
129.068 195.027
130.373 209.142
131.639 223.269
117.076 239.459
124.661 239.353
133 239.248
141.809 238.087
150.195 236.761
76.1813 189.955
84.6281 184.816
94.4226 183.699
104.503 188.924
94.8692 191.752
85.1665 192.123
156.254 183.067
164.771 177.212
174.226 176.474
184.231 179.654
175.238 183.662
166.016 184.199
107.728 267.265
116.496 262.009
125.564 257.024
135.425 257.448
146.377 255.381
157.065 258.649
168.194 261.996
160.466 272.692
150.533 280.227
138.159 282.665
125.758 281.416
115.754 275.483
126.128 267.711
136.406 267.075
148.105 265.87
148.837 266.25
136.999 268.68
126.343 268.176
