74.0044 146.407
82.8957 140.629
93.7086 139.136
104.666 139.938
115.411 142.294
151.952 138.685
164.916 135.864
178.162 135.311
190.83 139.152
201.137 146.363
131.931 163.554
130.528 176.509
128.834 188.965
127.157 201.648
113.64 211.71
120.012 214.022
127.377 215.342
136.126 214.73
144.058 213.051
87.8083 164.983
96.0529 159.303
106.227 158.889
114.44 164.149
106.105 167.209
96.4904 167.679
157.076 163.501
165.289 157.667
176.064 158.375
184.275 164.886
175.081 166.777
165.424 166.5
99.6793 231.442
108.76 230.85
118.465 229.768
128.192 231.108
139.765 230.453
151.252 231.881
162.576 233.028
152.557 240.105
140.91 245.8
127.988 247.385
116.734 245.459
107.396 239.235
116.746 235.322
128.263 236.537
141.625 235.989
141.763 236.627
128.349 237.151
116.774 236.17
