56.6141 76.3152
67.0558 65.2259
81.1038 59.8117
96.2821 59.6429
111.198 63.3263
145.52 56.5483
161.299 50.1672
178.038 46.9508
194.7 50.5287
207.562 60.5196
130.973 77.7888
131.243 90.3937
131.639 102.475
132.248 114.688
118.341 141.55
126.663 140.741
134.869 139.886
145.001 138.368
154.761 137.733
74.4178 96.928
82.3918 88.2593
93.9292 86.9454
105.926 92.3141
94.8916 93.6991
84.3866 95.2739
162.304 86.259
171.439 78.2066
183.127 77.17
194.584 83.9929
183.787 85.0289
172.812 85.6754
107.179 183.243
112.339 171.079
121.917 160.591
135.553 158.329
150.599 158.336
163.251 165.711
174.224 175.542
163.725 182.993
152.073 187.189
139.057 189.005
127.247 189.974
116.304 188.58
124.446 173.796
136.607 170.114
151.955 170.695
151.902 171.668
137.628 172.765
125.643 174.824
