75.9586 160.39
85.5846 155.88
96.9981 155.671
107.782 159.229
118.588 164.117
154.39 166.224
164.1 164.031
173.716 162.847
183.37 164.269
191.248 168.663
134.138 187.388
133.132 199.751
132.343 212.43
131.583 224.825
118.414 232.822
123.748 235.196
129.338 236.261
136.027 236.119
142.106 234.526
87.537 187.594
96.1702 183.006
106.185 183.771
113.226 191.282
104.473 193.287
95.1217 192.313
154.583 194.035
162.383 187.823
171.974 188.11
180.061 193.57
171.74 197.883
162.475 197.368
104.931 256.528
112.217 251.66
120.419 248.19
129.494 249.63
138.659 249.192
146.838 253.966
153.444 260.126
146.595 264.87
137.967 267.943
127.714 267.691
118.775 265.886
111.156 262.408
119.428 253.242
128.837 253.711
139.111 255.172
139.009 259.304
128.936 258.854
119.542 257.455
