77.7118 169.597
88.6414 164.353
101.023 163.731
113.175 166.111
124.661 170.665
159.414 172.995
169.87 168.762
180.898 167.289
192.186 168.168
201.042 174.497
138.007 194.68
138.426 209.387
138.736 223.904
139.146 238.037
121.842 243.214
129.761 247.018
138.044 248.544
146.543 247.169
154.164 243.798
88.7823 189.381
99.1427 186.698
109.117 186.486
116.414 193.51
107.574 195.8
97.0853 194.503
159.744 194.465
168.451 188.019
178.254 188.026
187.808 191.668
179.192 196.135
168.936 196.747
111.029 264.723
120.03 262.043
129.255 260.907
138.222 262.723
147.48 261.06
155.899 262.117
162.837 264.494
156.454 272.715
148.475 277.833
138.025 279.295
127.302 277.707
118.571 272.798
127.366 266.442
137.816 267.941
148.117 266.278
148.034 266.468
137.948 268.174
127.818 266.59
