91.679 176.483
109.551 170.173
128.533 168.891
146.857 173.388
164.083 181.204
202.298 187.133
212.13 183.118
222.14 181.413
231.862 183.327
239.005 188.821
181.555 217.043
185.636 232.081
189.88 246.341
193.877 260.858
162.58 282.232
175.172 283.286
186.574 284.715
195.68 284.198
202.952 282.319
109.601 212.084
125.221 203.588
140.131 204.996
148.659 217.834
136.003 220.3
122.709 218.701
198.071 223.908
208.688 213.956
220.88 213.777
227.822 223.186
219.528 228.175
208.337 227.84
139.529 316.984
155.518 311.447
170.937 305.435
187.646 306.166
197.374 305.483
204.927 310.207
210.018 316.99
203.25 322.105
194.87 323.181
185.329 324.055
169.55 324.273
153.245 322.249
171.077 314.973
185.963 315.026
196.484 315.654
196.056 315.495
184.791 316.453
170.394 315.723
