76.9405 154.876
84.8038 150.596
94.2285 149.194
103.168 150.113
111.933 152.838
163.949 156.696
174.595 155.959
184.822 157.608
193.83 162.145
199.557 170.295
136.044 184.115
134.921 195.873
133.56 206.981
132.004 218.545
114.214 228.215
123.008 231.833
131.536 234.368
139.757 233.893
146.494 232.145
86.5087 180.188
94.5195 177.22
104.15 178.01
111.107 182.33
102.736 184.37
93.8019 183.085
158.869 187.869
168.222 185.986
177.415 187.284
185.246 192.218
176.262 192.15
167.316 191.127
91.8871 247.255
103.851 243.425
116.452 242.498
128.817 245.045
140.499 245.199
151.888 248.41
161.536 253.855
152.702 264.848
139.964 270.59
125.533 271.333
110.402 267.597
98.7747 259.017
110.478 249.183
128.125 252.529
143.446 253.338
142.919 261.53
126.25 262.115
108.47 257.888
