67.8458 164.902
77.0845 160.3
88.0506 159.453
98.5163 161.639
108.612 165.665
151.998 168.622
161.917 166.141
172.309 166.057
182.515 169.044
190.37 176.705
130.204 187.019
132.036 196.953
133.676 206.69
135.696 216.436
121.159 231.223
128.244 231.666
135.982 232.564
143.127 232.263
149.372 231.202
80.4451 188.598
89.1542 182.829
99.7046 182.83
107.318 190.006
98.4774 191.377
89.0292 191.295
151.225 192.646
159.501 188.388
169.005 188.627
176.41 195.102
168.448 196.357
159.763 195.457
109.153 256.873
118.252 248.353
128.562 244.031
140.013 244.19
149.983 244.594
157.717 250.607
162.858 260.009
155.73 261.968
147.412 261.207
138.987 260.504
128.889 259.623
119.139 258.507
129.176 252.166
139.658 252.934
148.516 253.415
148.661 254.123
139.293 253.74
128.382 252.824
