72.4744 138.906
84.0351 134.437
96.7263 134.259
109.239 136.225
120.866 141.234
160.081 141.923
171.704 139.162
182.7 139.229
192.882 143.382
200.419 151.243
137.884 166.015
137.674 181.83
137.717 197.357
137.483 213.421
118.472 227.456
125.643 228.813
133.846 230.3
141.239 230.31
146.987 229.906
80.9712 166.246
92.8641 160.918
104.318 162.374
111.698 170.523
101.761 172.642
90.3662 171.325
155.956 174.413
166.807 166.516
177.909 166.039
187.211 173.13
178.007 177.604
166.684 177.123
100.609 254.134
110.175 248.808
120.974 246.291
131.332 248.982
141.338 247.455
149.824 251.243
157.168 257.69
149.288 264.888
140.234 269.013
129.469 268.734
118.221 267.443
108.052 262.565
119.65 255.09
130.171 256.536
139.54 256.92
139.448 257.523
129.846 257.581
119.278 255.719
