75.7231 165.267
84.431 161.409
93.8742 160.296
103.506 161.131
112.936 163.409
157.522 165.187
166.949 163.651
176.477 162.686
185.783 163.226
193.907 167.483
135.361 188.776
134.827 202.138
134.296 215.574
134.025 228.971
120.297 240.114
126.786 241.889
133.761 242.966
140.877 242.161
147.093 241.019
87.1504 187.133
95.4769 182.875
104.88 183.004
112.492 188.68
104.011 190.388
95.006 190.502
158.306 190.629
166.268 185.051
175.648 184.907
183.144 190.116
174.94 193.086
166.446 192.737
106.514 266.87
113.93 260.051
123.648 255.736
134.231 257.596
144.328 256.007
153.063 260.58
159.735 267.778
152.648 274.043
143.799 279.164
133.501 280.251
122.95 279.152
113.49 274.297
122.784 264.396
133.622 265.04
144.642 264.657
144.766 267.516
133.701 268.05
122.895 267.481
