84.7678 158.557
96.0696 157.954
106.385 161.576
116.404 165.148
126.983 169.312
163.987 175.914
174.845 175.508
185.663 175.37
196.541 176.783
204.999 182.573
140.819 193.327
137.801 208.005
134.711 222.474
131.464 237.174
112.057 243.792
118.589 248.161
126.717 250.984
135.393 251.491
142.896 250.299
92.0093 183.171
101.846 180.77
111.364 183.06
118.213 190.651
108.783 192.084
99.2747 189.562
159.074 200.018
168.217 195.047
178.162 196.452
185.911 202.549
177.023 205.303
167.131 204.079
94.8739 259.549
104.426 261.488
113.581 262.84
123 265.9
132.429 266.709
141.117 268.785
149.656 271.04
140.413 277.401
130.866 281.15
119.621 280.856
108.551 276.783
100.369 269.285
110.863 267.8
121.985 271.068
132.039 272.136
131.482 273.466
121.582 272.406
110.564 269.021
