70.2893 153.734
80.3855 149.61
91.4367 149.213
102.705 151.693
113.809 155.712
148.548 156.813
163.432 153.969
178.723 153.899
192.796 158.007
202.788 167.501
127.315 181.047
124.273 197.066
121.12 212.529
118.537 228.253
104.732 239.957
111.342 242.365
119.089 244.379
128.273 244.009
137.196 243.116
83.6384 174.312
92.0293 169.828
101.089 171.964
108.494 178.849
98.7442 181.304
89.7129 179.871
153.577 184.227
162.707 178.234
173.367 178.675
182.395 184.505
172.835 189.122
162.576 188.218
92.9805 261.748
100.672 258.134
109.443 257.246
117.51 259.999
130.204 259.712
142.016 263.273
153.521 267.166
142.738 274.502
129.508 276.98
115.974 276.789
106.765 274.233
98.9632 268.97
108.627 264.232
117.583 265.482
131.013 266.295
131.198 267.839
117.508 266.532
109.016 264.609
