72.5618 151.422
82.8897 146.649
95.3098 147.1
106.773 150.868
117.407 155.854
155.562 158.232
166.613 154.624
178.978 153.121
190.949 154.161
200.695 159.829
136.001 185.098
134.589 199.758
133.185 214.127
131.888 228.028
116.489 240.314
123.019 241.602
129.979 242.597
137.578 242.925
144.686 243.052
85.2303 180.692
94.2131 177.576
103.525 177.718
110.783 182.698
102.497 184.837
93.09 184.115
159.605 186.396
167.804 182.942
176.714 183.38
183.916 187.113
176.504 189.816
167.651 189.718
101.78 267.987
108.153 260.076
117.558 254.749
128.66 255.87
139.9 256.438
148.394 262.722
154.213 271.031
146.263 276.443
136.846 279.762
126.149 280.456
116.364 278.452
108.215 274.509
114.96 265.094
127.852 265.327
140.362 267.245
140.227 268.934
127.595 268.379
115.259 267.334
