79.3576 116.282
87.8907 112.162
97.521 112.41
106.488 115.678
115.31 120.99
152.885 127.785
166.631 126.188
180.419 126.838
192.368 131.544
202.138 139.555
129.962 146.717
126.404 159.21
122.485 171.296
118.253 183.99
106.098 192.786
112.195 195.783
118.628 198.284
127.949 198.616
137.412 197.29
88.7022 140.854
97.2994 140.147
104.958 141.724
111.008 145.058
103.651 145.563
96.0829 144.146
158.122 152.647
166.012 150.396
174.698 151.968
183.122 155.013
174.559 154.789
166.128 153.783
95.3403 211.86
103.205 209.526
111.208 208.292
120.304 210.205
133.355 211.125
145.672 215.69
157.911 221.416
147.664 231.621
134.277 237.707
118.91 238.42
107.268 232.648
100.448 222.514
107.618 214.465
120.845 216.712
138.515 218.056
139.423 229.522
120.102 231.306
105.717 223.945
