71.2112 139.058
80.5398 132.526
92.1343 131.775
103.336 134.834
113.608 140.38
153.549 144.312
164.758 141.174
176.234 140.737
187.465 143.93
195.554 152.16
132.245 164.841
131.434 176.98
130.482 189.243
129.122 201.921
112.825 211.594
120.151 213.706
127.631 215.418
135.41 215.296
142.636 214.839
83.2518 161.336
92.0218 156.998
101.975 158.009
108.746 165.055
100.003 167.589
90.3687 166.557
154.747 169.206
162.961 163.501
172.702 164.19
180.223 169.972
172.285 173.496
163.018 172.922
100.366 237.407
107.503 230.766
116.899 226.834
126.863 228.724
137.564 227.988
146.447 233.284
152.781 240.689
145.238 246.681
135.939 249.573
125.933 249.883
115.847 248.272
107.226 244.009
114.738 236.581
126.248 238.499
137.931 238.286
138.408 239.507
126.809 239.671
115.338 238.07
