76.4557 180.28
86.3845 174.336
98.0266 172.184
109.587 172.89
121.177 175.051
162.444 171.762
176.381 165.141
191.205 161.506
206.347 160.671
220.592 165.456
147.06 202.989
147.467 221.086
147.698 239.401
148.209 256.913
134.455 262.886
141.792 266.452
150.346 268.209
160.324 265.999
169.524 262.119
91.2896 202.445
102.25 194.446
115.213 194.245
125.636 204.2
114.361 208.382
102.005 208.375
171.504 202.036
181.095 190.03
194.445 187.863
207.2 194.86
196.751 201.668
184.092 204.109
126.025 285.871
135.844 282.908
144.701 282.016
154.355 284.003
166.239 282.161
177.541 282.602
190.567 283.712
180.958 294.311
169.973 301.94
157.204 304.569
144.951 301.947
135.54 295.588
145.334 289.073
155.636 291.365
167.558 288.988
167.616 290.361
156.086 292.311
145.915 289.586
