70.2478 166.627
82.9483 158.924
98.5415 158.059
113.47 161.524
127.036 167.579
175.701 163.996
191.228 159.589
207.912 157.979
224.125 160.808
237.005 169.429
151.758 197.831
152.062 213.522
152.778 228.323
154.008 243.697
135.803 260.873
145.026 260.119
154.705 260.104
164.631 259.689
173.099 259.498
86.4534 198.309
99.6247 190.384
113.761 191.296
124.778 201.48
111.8 205.906
97.9796 205.165
182.719 200.979
193.492 191.244
206.809 189.976
218.021 198.069
207.614 204.174
195.245 204.297
120.801 295.715
131.949 288.12
142.405 281.489
154.146 282.157
166.579 281.183
177.752 287.378
189.222 294.744
178.384 301.933
166.565 305.234
154.106 305.638
142.045 305.122
130.431 302.027
142.249 291.649
154.557 291.684
166.293 291.399
166.12 292.299
154.015 292.48
141.753 292.099
