75.8112 133.986
88.9879 129.406
102.642 129.839
116.274 133.211
128.805 138.8
167.195 145.153
181.132 143.95
194.054 146.49
205.487 152.181
213.454 161.84
142.513 171.089
140.433 183.156
138.796 195.187
137.368 207.382
116.398 213.854
125.532 218.207
134.721 220.958
142.67 221.245
150.155 220.078
89.328 158.276
98.7812 156.208
108.874 157.93
117.21 164.682
107.041 165.252
97.8213 162.25
164.461 171.613
173 169.848
182.055 169.832
189.307 174.9
180.67 175.806
172.511 174.889
86.5103 229.319
101.55 228.807
116.437 230.424
129.715 235.36
141.815 234.987
153.572 237.348
162.223 243.197
153.668 257.635
139.817 266.79
123.713 266.566
107.872 259.894
95.6066 246.043
109.874 236.668
128.037 242.421
142.867 242.245
143.43 252.93
126.312 254.292
107.428 245.667
