90.6094 69.0123
102.156 65.5541
113.537 66.9018
124.144 71.1532
134.073 76.8137
184.45 93.1495
193.654 91.6787
202.387 93.2224
210.283 98.3846
215.924 105.889
150.201 116.807
148.502 128.028
146.928 139.295
145.063 150.84
123.401 164.162
131.845 167.042
140.41 169.256
147.918 170.736
154.438 172.04
95.5628 99.0783
107.653 96.5098
117.802 99.9957
123.279 110.52
112.346 110.279
102.692 107.106
171.071 125.32
181.618 119.593
191.446 122.272
198.135 131.109
188.278 133.431
178.981 130.93
106.293 188.166
117.222 183.87
128.461 181.974
138.276 185.662
147.222 186.621
153.908 192.643
157.786 200.195
149.836 204.338
141.377 205.756
132.523 204.434
122.134 200.734
113.309 195.665
127.213 191.924
135.846 194.156
143.171 195.375
143.467 194.852
136.069 192.675
127.043 190.756
