72.1341 150.659
79.1818 143.72
90.3333 141.758
101.684 142.226
113.476 143.453
149.208 144.115
160.473 145.166
170.714 146.603
180.829 149.201
187.637 155.328
132.438 170.152
132.972 180.051
133.444 189.898
133.751 199.35
120.277 216.913
126.726 218.156
133.947 218.793
141.268 218.725
147.188 217.892
83.7967 171.365
92.0012 164.982
102.516 164.644
110.786 171.47
102.328 175.642
92.1437 175.67
150.809 171.532
158.306 165.085
168.261 165.651
176.205 172.139
168.472 175.377
158.877 175.267
101.421 247.634
110.552 239.13
121.39 233.022
133.269 233.516
144.723 233.846
154.247 240.327
160.902 248.555
155.659 259.58
144.817 265.408
131.135 266.643
118.017 264.161
107.354 257.591
118.674 240.456
132.467 240.303
145.813 240.887
145.722 256.527
131.291 256.933
117.118 255.621
