82.5253 131.398
92.6017 128.561
102.922 129.565
113.156 132.701
123.273 136.759
159.636 140.118
169.46 137.879
179.514 137.231
189.186 137.334
196.493 141.985
140.441 158.693
139.68 172.503
138.782 186.112
137.483 199.99
118.586 207.617
127.779 210.722
136.667 212.72
145.064 212.229
152.427 210.807
87.7334 153.515
97.6654 150.303
107.318 151.105
114.768 157.759
105.663 157.874
96.2909 156.685
160.477 162.787
169.58 158.8
178.753 159.045
186.759 163.388
177.913 164.387
168.962 163.944
101.644 229.308
111.644 226.066
122.424 224.708
133.817 226.421
144.592 226.717
153.828 229.897
161.605 234.691
153.457 243.73
143.492 250.968
130.678 252.061
117.511 248.381
108.115 240.131
117.605 230.594
132.967 233.586
146.321 233.489
146.147 239.051
132.366 240.55
116.898 236.212
