85.1345 167.431
94.2682 166.375
101.688 167.248
110.115 167.753
117.919 171.055
153.327 171.02
164.194 165.546
176.409 163.006
188.999 161.944
200.573 165.258
136.137 183.914
133.707 196.065
130.947 208.163
128.246 220.831
114.896 228.889
121.249 231.861
128.13 233.101
137.296 233.015
147.184 231.107
91.1734 181.847
99.885 177.702
110.775 178.958
119.443 185.416
109.412 186.668
99.0014 186.08
159.1 187.421
167.57 178.444
179.216 176.413
190.442 180.155
181.564 185.653
169.817 187.326
102.75 246.599
109.798 244.046
119.37 243.61
128.915 243.551
141.079 245.646
153.077 248.366
163.809 252.12
154.735 262.516
142.791 270.393
127.688 272.501
115.952 268.895
107.312 258.982
114.865 248.693
129.143 249.855
146.251 251.52
146.789 259.71
128.382 262.999
113.832 257.681
