91.2715 93.4571
102.265 93.0966
112.961 96.0597
122.712 100.674
131.271 107.603
165.476 119.376
174.551 120.136
183.526 122.598
192.615 126.872
198.141 134.138
139.432 137.247
136.828 148.597
134.309 159.728
131.833 170.731
110.652 179.633
117.676 183.875
124.922 186.882
131.772 188.148
138.359 187.999
92.9688 118.323
102.579 118.337
111.381 122.221
117.452 129.638
108.034 129.623
99.0651 125.777
158.803 144.852
167.339 143.079
175.479 145.052
181.759 151.957
173.27 152.765
165.183 149.938
91.5114 200.01
101.215 196.809
111.257 196.057
120.784 199.901
129.208 201.155
135.694 206.47
138.23 214.641
131.193 220.901
122.256 222.389
113.373 219.91
103.769 216.081
95.8833 209.424
106.884 203.43
117.613 207.729
126.222 209.314
125.495 211.776
116.924 209.622
106.549 205.623
