75.345 166.226
85.7503 160.784
98.5647 162.324
110.086 166.564
121.165 171.777
146.232 172.136
158.375 167.651
171.049 163.415
184.86 163.049
195.272 169.439
134.09 191.453
133.589 199.945
133.083 208.871
132.746 217.947
119.291 229.315
125.184 230.371
131.928 231.118
138.309 230.475
143.852 229.182
84.9379 187.165
93.653 182.019
104.439 183.158
112.526 190.585
102.568 193.954
92.5702 192.977
156.45 192.136
164.164 184.631
174.507 183.965
183.817 190.191
175.297 195.603
165.137 195.19
111.842 253.341
117.385 248.19
123.716 243.77
131.304 245.572
139.312 243.142
146.416 247.75
151.9 254.148
145.814 258.175
139.254 261.023
130.683 262.473
123.308 260.994
117.294 257.81
123.725 250.342
130.667 251.624
139.067 250.251
139.253 250.853
131.29 252.742
124.13 250.619
