81.5775 159.278
91.0946 156.077
101.314 157.049
110.506 161.209
119.969 165.991
151.352 172.211
160.936 170.243
170.505 168.956
180.07 170.268
187.159 176.309
132.199 195.145
130.451 206.559
128.986 218.006
127.28 229.471
114.213 235.663
119.295 238.435
125.221 240.278
130.914 240.858
136.197 239.805
88.8709 184.209
96.8706 183.665
104.337 185.448
109.561 190.599
102.11 190.264
94.7249 188.197
151.449 197.372
158.194 194.368
164.957 194.795
171.848 196.957
165.747 199.552
158.262 199.552
100.102 256.004
106.694 251.901
114.598 250.047
122.044 252.632
129.325 253.211
135.45 257.587
139.986 262.184
134.544 267.688
127.308 271.58
118.548 272.044
110.44 268.918
104.529 262.616
112.937 254.987
121.401 256.135
129.09 258.071
128.304 262.899
120.239 263.521
112.41 260.109
