78.1195 164.279
86.3091 159.586
96.4299 157.301
106.689 158.365
116.513 161.904
151.607 163.819
162.022 160.882
173.187 160.262
183.851 163.852
190.977 171.223
133.861 185.256
134.141 199.652
134.482 213.754
135.019 227.446
121.664 239.588
128.033 240.425
134.778 240.822
141.129 240.266
146.846 239.355
88.3421 187.069
96.3704 181.445
106.159 181.821
114.237 189.352
105.675 192.174
96.5107 191.203
153.546 191.106
161.632 183.64
171.476 183.176
179.879 189.648
171.416 192.981
161.947 193.628
107.187 262.03
115.334 257.192
124.861 254.491
134.726 255.159
143.866 254.612
152.259 257.411
159.335 262.321
154.414 271.991
145.181 277.887
134.264 279.448
122.558 277.808
113.051 271.687
121.12 260.663
134.537 261.777
146.299 260.631
146.764 266.9
134.296 268.606
120.454 266.452
