72.7541 174.024
82.0459 167.048
93.226 163.103
105.028 163.523
116.719 166.637
145.121 163.995
156.135 161.135
167.139 159.854
177.859 162.137
187.276 167.016
132.989 185.066
132.621 197.492
132.096 209.567
131.412 221.895
119.3 236.268
125.56 237.713
132.406 238.301
139.309 237.645
145.788 235.621
87.2505 193.088
94.8107 188.271
103.377 188.158
111.729 192.146
103.865 195.265
95.3298 195.421
150.993 189.344
158.253 184.009
167.554 183.715
175.512 188.338
167.659 191.545
158.792 191.598
106.82 260.791
114.268 254.944
122.781 250.012
132.69 249.815
142.178 248.66
151.251 252.045
161.138 257.389
152.265 260.412
143.919 262.9
134.229 264.554
124.724 264.117
116.179 262.946
123.211 257.341
133.042 256.128
143.082 255.646
143.311 256.367
133.176 256.66
123.458 257.624
