69.6113 167.919
78.9058 161.849
90.8686 160.155
102.378 161.37
113.901 164.063
149.722 162.365
160.777 159.021
172.128 157.441
183.692 158.951
192.251 165.899
134.294 185.318
135.631 196.696
136.922 207.559
138.114 218.212
123.466 233.235
130.541 233.578
138.36 233.783
144.944 233.318
150.981 232.733
82.8467 192.564
91.3469 186.765
101.357 185.982
110.173 191.487
101.29 195.325
91.7538 195.871
155.337 190.337
163.385 184.559
172.984 184.909
181.08 190.461
172.957 193.824
163.928 193.566
114.501 257.756
122.058 251.426
130.39 247.163
140.175 247.426
149.835 246.791
158.45 251.136
166.257 256.914
158.885 261.462
150.233 263.423
140.674 264.25
130.793 263.866
121.885 262.242
129.7 255.052
140.202 253.943
150.955 254.284
151.113 255.797
140.204 255.88
129.325 256.658
