77.7126 170.637
83.7509 164.909
92.1309 162.812
101.298 163.687
110.136 166.478
145.359 165.106
153.497 160.478
161.67 156.906
170.737 156.084
179.133 160.651
131.489 187.812
131.87 198.814
132.569 209.482
133.435 220.174
123.002 233.352
129.111 233.514
135.314 233.51
142.346 232.033
148.662 230.166
89.2008 192.031
96.0367 186.951
104.59 186.705
112.283 192.034
104.564 195.58
96.5889 195.371
152.041 188.964
158.703 182.817
167.435 181.154
176.318 185.496
168.428 189.858
160.214 190.977
111.376 257.572
117.722 250.489
126.516 246.549
136.323 246.831
146.375 244.212
156.51 245.958
166.316 251.243
160.04 259.542
151.203 265.139
140.744 268.428
129.443 268.065
119.648 264.441
126.118 253.753
137.365 253.799
149.867 251.207
150.973 257.244
138.91 259.692
127.068 259.896
