68.4753 124.014
79.1587 120.53
90.2273 121.132
100.889 122.53
111.556 126.035
162.338 128.146
172.815 124.468
183.962 122.605
195.039 123.554
204.1 130.588
135.721 159.613
135.962 176.896
136.49 193.514
136.875 210.563
121.016 220.964
128.586 222.293
136.835 223.393
143.219 222.411
149.101 221.361
81.3354 156.21
91.0729 154.201
101.013 154.403
109.856 159.482
100.641 160.809
90.5603 160.14
161.897 160.618
171.554 157.463
180.482 156.468
189.377 160.145
180.352 163.01
170.741 162.819
104.766 249.133
115.269 244.804
125.229 241.605
135.707 242.874
144.137 241.477
151.989 245.352
158.993 250.142
151.758 257.145
144.216 261.504
134.434 262.733
122.457 260.837
113.455 255.908
123.94 250.036
135.985 250.259
144.889 250.404
143.976 250.4
135.569 250.667
123.801 250.185
