69.778 71.4665
81.0444 63.9138
94.4224 61.9954
107.789 64.6092
120.174 69.5263
153.517 70.1446
162.75 66.1032
172.954 64.3192
183.326 65.764
191.361 71.4495
138.718 94.3328
140.275 110.397
141.974 126.385
143.358 142.335
123.852 152.617
131.878 155.732
140.281 157.271
147.405 155.947
152.753 152.892
84.2261 93.3868
94.6883 87.2294
106.077 88.2436
113.651 96.1083
104.431 99.6765
93.3763 99.1999
152.983 97.3875
161.46 88.4668
172.003 87.4542
180.598 94.388
172.879 100.288
162.657 100.085
104.033 173.535
115.18 170.911
126.21 170.279
136.919 172.241
145.246 171.184
152.868 171.968
160.306 173.384
154.866 185.593
147.405 194.494
135.638 197.925
122.544 194.695
111.55 185.79
123.688 175.575
136.546 177.031
146.316 176.517
146.4 182.792
135.642 186.491
122.518 182.619
