79.3594 155.553
90.4054 152.064
102.218 153.106
113.304 155.782
124.449 159.204
161.213 160.412
170.675 159.883
179.487 160.754
188.239 162.173
195.497 166.181
139.752 190.965
140.395 202.178
141.138 212.399
141.889 222.458
120.077 228.355
127.89 230.917
136.152 232.631
142.582 233.144
149.239 232.29
92.6762 177.348
100.807 175.755
108.636 176.701
115.151 182.892
106.554 184.178
99.0182 182.301
158.036 186.559
165.38 180.988
173.235 180.999
180.242 184.807
173.321 188.529
165.673 188.352
103.862 244.358
114.897 242.686
125.23 241.261
135.919 242.255
144.391 243.013
151.838 245.589
156.774 249.708
151.306 257.179
142.927 262.252
132.59 263.173
121.019 260.39
111.36 253.539
123.264 246.991
134.732 248.511
142.218 248.938
141.422 252.898
133.681 253.729
122.624 250.993
