89.7474 131.885
99.3376 131.581
108.556 134.135
117.485 138.476
126.152 143.49
176.334 156.51
187.379 156.968
198.73 158.397
209.362 161.482
216.619 169.634
144.993 179.774
141.815 195.184
138.561 210.257
135.217 224.21
115.347 233.778
122.74 237.762
130.173 240.319
137.76 241.091
145.233 240.701
94.0797 158.195
104.862 159.526
114.871 163.008
121.727 170.233
111.929 170.083
101.406 166.821
167.984 183.065
178.107 181.103
187.948 183.931
196.624 187.893
186.995 190.665
176.33 188.386
96.1391 256.219
106.23 254
115.372 252.671
124.005 257.141
133.35 257.642
140.718 263.266
146.475 270.568
138.731 277.329
129.642 280.209
119.3 279.553
109.05 274.524
101.583 266.843
111.818 260.456
122.225 265.104
132.306 266.199
131.613 268.834
121.1 268.485
110.79 263.226
