68.1244 193.957
73.1815 182.923
83.174 176.886
94.1895 174.414
105.271 174.824
141.519 165.016
154.715 157.224
169.111 152.262
183.729 153.65
195.64 162.429
123.677 198.006
123.189 206.97
123.076 215.852
123.205 225.288
120.581 245.952
125.207 244.145
131.123 242.138
137.765 240.343
144.157 238.802
83.4454 212.15
89.8386 204.967
98.8659 202.285
107.934 205.531
99.8338 209.607
91.1564 211.684
155.893 193.212
163.459 186.151
173.524 184.157
185.038 186.093
176.224 190.191
166.551 192.642
117.98 277.404
119.471 268.058
124.637 258.939
133.62 255.765
145.249 253.684
155.929 257.405
166.463 262.732
158.748 269.187
149.192 272.285
138.73 274.012
131.135 276.466
123.792 278.513
128.877 268.861
136.248 264.901
146.273 262.324
146.525 264.097
136.244 266.38
129.632 269.602
