73.9773 159.09
88.7218 155.613
104.507 157.375
119.788 161.428
134.799 166.693
162.518 169.13
172.532 167.254
182.553 165.074
192.36 162.992
201.423 165.182
148.084 187.167
150.026 202.802
151.85 218.342
153.796 234.015
128.174 243.536
137.942 248.084
148.096 250.535
156.363 249.282
162.843 244.911
86.8736 184.982
98.2571 181.239
108.424 182.004
117.191 188.522
107.518 188.387
96.9023 187.228
164.459 192.705
174.003 187.709
183.335 188.538
191.317 192.577
182.773 194.103
173.405 193.738
105.054 264.3
117.014 261.46
130.049 261.512
143.096 264.986
152.884 263.956
161.464 267.232
167.218 272.495
160.093 279.249
151.448 282.016
141.354 281.861
128.132 278.527
115.864 272.892
125.178 267.11
142.751 271.087
154.849 270.686
154.533 271.937
142.723 272.332
125.731 268.691
