81.582 123.98
90.9226 118.494
103.13 117.134
114.731 118.737
126.22 122.265
154.733 127.836
160.742 126.349
166.375 126.708
172.178 127.963
177.845 130.778
137.343 149.514
138.958 164.244
140.407 178.7
141.86 192.815
119.767 198.028
127.665 201.012
136.651 202.466
142.937 201.658
147.967 199.888
90.6124 149.004
97.8913 144.237
106.724 143.763
113.331 149.624
105.986 151.949
97.8875 151.858
151.126 154.823
158.226 151.089
166.207 151.193
171.222 156.999
165.006 159.409
157.96 158.315
100.677 219.661
111.031 216.128
122.207 215
133.619 216.541
140.356 215.952
145.848 218.357
149.377 222.413
143.873 227.029
137.805 228.929
130.408 229.098
119.365 227.406
109.299 224.904
121.022 221.679
131.877 222.911
137.363 222.904
137.12 222.42
131.16 222.483
120.423 220.821
