77.0366 171.926
85.1016 165.739
95.5665 163.827
106.112 165.101
115.974 168.741
151.199 169.239
161.334 165.613
172.189 163.926
183.18 165.476
191.751 171.089
135.081 186.999
135.495 198.22
136.016 209.1
136.562 219.963
124.941 235.237
129.702 236.275
135.385 236.581
141.753 235.806
147.454 234.232
89.3783 190.883
96.6697 184.95
106.113 184.82
113.396 190.907
105.81 194.011
96.8869 194.002
157.647 190.146
164.966 184.047
174.422 183.481
181.997 189.009
174.551 192.379
165.805 192.807
110.903 262.744
117.852 256.802
126.158 252.522
135.653 252.563
145.04 251.175
153.971 255.382
161.563 261.82
156.315 270.388
147.45 274.473
137.135 275.711
126.077 274.806
116.59 270.751
125.597 259.676
136.367 258.735
146.889 258.537
147.107 264.753
136.136 265.993
125.077 265.402
