78.1794 158.561
87.0072 153.856
97.4647 154.222
108.157 157.178
118.456 160.987
150.01 166.61
159.368 163.897
169.082 161.471
178.787 160.09
187.398 163.463
135.206 190.476
134.892 204.686
134.896 218.104
135.151 231.996
117.535 240.838
125.441 244.037
133.839 245.509
141.252 244.193
148.385 241.356
89.0761 181.314
97.4173 178.22
105.828 179.553
112.124 185.757
104.362 188.851
95.6467 187.709
156.001 188.576
162.753 183.492
170.702 182.732
177.485 186.26
171.402 192.365
162.901 192.691
106.504 260.321
114.915 257.88
123.721 256.19
133.02 258.143
141.189 256.499
148.326 258.434
153.945 262.749
148.842 269.819
141.646 275.232
132.694 276.43
121.843 274.813
113.363 268.511
121.895 262.043
132.89 264.412
140.678 262.927
141.104 265.52
132.915 266.912
122.073 264.946
