72.5374 154.572
83.233 151.325
95.0088 152.466
106.333 155.5
116.673 160.476
152.614 158.709
163.625 152.988
175.871 149.783
188.365 149.775
197.772 155.57
134.481 184.432
134.641 200.455
134.923 216.579
135.596 232.632
116.15 238.9
125.837 242.799
136.078 244.344
143.726 242.618
150.693 239.643
84.4066 177.788
93.7934 172.515
104.441 174.33
111.703 182.595
102.12 184.138
91.9226 183.325
155.648 183.398
162.53 174.183
173.537 172.813
181.927 179.178
174.645 184.473
164.728 185.413
101.398 262.38
112.722 261.662
124.008 260.905
135.42 263.031
144.596 260.892
153.868 261.37
163.777 261.827
156.183 272.404
146.055 278.555
134.356 280.142
121.563 278.749
110.19 272.615
122.689 267.455
135.038 269.378
144.602 267.372
144.594 268.042
134.417 270.072
121.776 268.638
