69.203 157.212
78.4166 153.252
88.3797 152.517
99.2166 151.735
109.641 153.672
151.533 151.938
162.663 148.473
174.479 148.17
185.423 150.264
193.728 155.63
132.396 179.858
132.565 195.285
133.239 210.603
133.856 226.343
121.914 237.885
128.926 238.494
136.015 238.771
141.718 237.313
145.712 235.984
84.9471 182.918
93.2885 179.78
101.93 179.282
109.84 184.23
101.527 185.861
92.64 185.478
153.104 180.707
161.561 176.209
170.442 175.756
179.836 179.562
170.792 180.892
161.592 181.162
109.178 264.254
116.785 256.854
124.935 251.035
134.911 250.86
145.194 249.825
154.163 254.141
159.967 262.737
153.617 269.539
145.264 273.154
135.472 274.473
124.661 273.014
115.893 269.583
127.143 261.337
135.784 260.238
144.414 260.095
143.656 261.787
135.387 262.624
127.122 262.826
