70.4435 156.882
81.0454 150.476
94.2562 150.658
107.049 154.82
118.118 161.877
156.338 168.644
168.913 165.17
182.316 163.441
195.001 166.408
203.962 175.115
134.461 189.61
132.825 203.507
131.411 217.199
130.103 230.816
112.061 238.484
120.177 240.842
128.799 242.986
137.077 243.207
145.114 242.866
85.5954 182.048
95.7107 177.925
105.711 179.838
112.177 188.051
102.45 188.267
93.895 186.998
158.599 194.898
167.84 188.373
178.274 189.125
186.423 195.862
176.992 198.099
167.973 197.656
95.4386 262.779
105.056 259.122
115.796 256.658
126.572 259.55
136.691 259.423
145.72 265.189
153.43 271.631
145.106 281.038
134.926 287.129
123.073 287.106
110.671 282.757
101.994 273.899
113.358 263.171
125.919 265.602
137.776 267.078
136.951 275.161
123.896 275.9
111.059 270.803
