71.7918 105.49
80.7535 98.8963
91.8798 97.1766
103.251 98.4783
114.161 101.578
150.675 101.667
161.193 98.6488
172.132 97.7281
183.064 99.2132
191.599 105.145
132.827 123.291
133.406 135.255
133.987 147.253
134.794 159.175
120.83 173.162
127.22 173.931
134.097 173.782
140.252 174.035
145.927 173.29
85.1897 124.803
93.0899 120.247
102.015 120.098
108.761 125.709
101.175 128.156
92.5812 127.919
155.597 124.419
161.842 118.928
170.31 119.391
177.781 124.036
170.724 127.144
162.669 127.196
108.563 199.706
116.31 193.226
124.39 187.929
133.897 189.062
142.811 187.804
150.163 192.713
156.084 199.338
150.503 206.008
142.27 209.21
133.302 209.942
123.968 209.065
115.296 206.03
123.56 197.39
133.304 197.254
142.37 197.007
142.315 197.824
133.193 198.064
123.464 197.718
