70.8982 184.378
78.1252 177.075
88.0837 172.003
98.7242 169.616
110.022 169.133
147.289 165.067
157.708 163.498
168.623 162.89
179.16 164.779
187.691 170.083
132.251 194.326
132.912 206.312
133.862 217.952
135.137 229.984
123.538 243.719
130.638 245.094
138.624 245.221
145.774 243.759
152.56 242.086
83.5362 203.027
91.1831 197.666
99.748 195.65
108.232 198.426
100.563 200.378
92.1458 201.802
156.608 194.766
164.3 190.853
173.785 189.747
181.716 192.091
173.856 193.702
165.01 194.977
111.287 270.208
118.76 263.184
128.614 258.459
139.508 258.615
151.062 257.049
162.745 260.618
172.445 266.079
164.804 274.766
154.695 280.354
142.739 282.987
131.08 282.639
120.126 278.757
125.097 266.221
139.571 264.432
155.897 264.398
156.689 271.2
141.405 273.906
126.323 273.577
