76.2811 155.633
89.0148 149.242
103.917 149.212
118.775 151.458
132.859 155.891
183.399 151.68
198.039 146.401
213.261 143.591
228.688 144.484
240.885 152.202
159.464 184.286
160.097 200.34
160.742 216.202
161.666 232.067
146.347 250.307
152.721 249.125
160.958 248.353
168.782 248.406
175.773 248.858
91.5019 185.276
102.231 177.076
116.394 177.637
127.095 186.728
114.723 191.388
101.162 190.955
191.079 186.777
200.693 176.086
214.42 174.918
226.174 183.109
215.654 188.705
202.593 189.825
132.861 287.956
142.155 279.947
151.746 273.805
162.958 275.414
174.938 272.901
185.975 277.357
196.428 283.967
187.521 291.646
175.556 295.572
162.965 296.905
151.833 296.461
141.667 294.013
151.291 284.365
163.311 283.677
176.779 283.437
176.59 284.202
163.111 285.11
150.904 285.079
