74.225 165.876
83.3903 159.939
94.8421 159.573
106.851 163.038
117.686 167.784
145.245 167.742
155.744 165.41
167.334 164.254
178.25 164.428
188.511 166.764
133.019 190.811
132.386 204.087
131.45 217.08
129.972 230.79
119.948 241.58
125.796 242.894
131.66 244.051
137.895 243.476
144.26 243.1
90.0305 190.806
97.197 187.329
106.063 188.184
113.533 192.942
105.798 194.711
97.2731 194.344
153.848 192.995
160.915 188.063
169.32 187.816
177.031 190.799
170.138 195.376
161.928 195.506
110.701 265.403
115.598 259.738
122.734 257.338
130.462 258.572
140.216 257.934
149.096 261.888
157.585 266.757
149.436 271.167
140.978 273.484
132.065 275.166
123.33 273.883
116.61 269.555
121.596 264.542
131.53 265.486
142.833 264.532
143.301 264.481
132.266 265.358
122.21 264.984
