82.6995 181.566
92.4465 178.622
103.153 179.332
113.274 181.215
123.91 183.937
157.408 184.662
172.794 180.498
188.602 179.285
204.485 182.115
217.439 190.196
139.986 204.123
138.152 218.71
136.397 233.152
134.902 247.557
122.555 259.161
128.959 263.002
137.349 264.882
147.909 263.36
157.24 259.782
93.2467 205.269
102.487 200.627
112.285 201.404
120.621 207.302
111 208.843
101.718 208.914
169.119 209.654
179.507 203.65
190.397 204.363
199.956 210.306
189.318 212.867
179.05 212.604
108.118 280.605
118.977 279.011
129.322 276.351
140.279 278.549
153.039 277.816
164.988 281.719
176.895 283.89
165.485 290.915
153.256 295.793
139.462 297.202
126.952 295.239
116.658 289.123
126.877 285.249
140.009 286.36
155.292 286.224
155.22 285.77
139.703 285.928
126.856 285.075
