88.4816 159.736
96.4295 154.287
106.291 154.202
115.405 156.423
124.526 160.476
154.189 161.859
163.882 157.351
174.384 155.428
184.428 158.4
191.334 165.955
136.474 186.634
135.413 197.582
134.501 208.419
133.802 219.684
119.88 230.251
124.898 232.531
131.46 233.835
136.894 233.883
142.232 233.48
95.1856 182.437
102.004 177.274
110.596 178.458
116.249 184.401
109.189 186.842
101.452 186.579
155.902 186.881
162.715 181.408
171.505 181.865
176.891 187.536
170.605 191.08
162.514 190.571
106.11 258.11
114.215 253.311
122.555 249.437
130.839 252.222
139.215 249.826
145.637 254.812
151.018 261.682
145.175 267.748
136.891 269.598
128.033 269.804
119.504 268.491
111.995 263.964
124.267 258.614
130.204 259.986
137.391 260.153
137.423 260.004
129.537 261.045
123.065 259.165
