89.0131 159.905
96.6847 155.692
105.61 155.718
113.95 158.736
121.491 163.963
152.502 166.677
165.125 164.566
177.832 165.547
189.286 170.855
197.65 179.793
131.803 184.937
128.222 197.224
124.446 209.027
120.883 221.165
108.726 234.196
113.992 235.834
119.91 237.31
127.513 238.009
135.036 238.554
94.1588 181.972
102.111 177.097
110.414 179.208
116.262 186.466
108.326 187.625
100.272 185.929
156.596 193.06
164.597 186.973
173.745 189.293
181.414 196.451
173.035 198.126
164.182 196.599
95.1467 258.7
101.1 252.321
109.008 249.807
116.856 252.353
127.809 253.536
137.659 259.402
145.699 268.026
135.779 272.917
124.837 274.587
113.915 273.378
105.924 270.374
99.1342 265.793
107.973 259.72
115.577 260.773
126.84 263.368
126.988 264.519
115.574 262.564
107.738 260.427
