76.8765 175.951
84.3702 168.908
94.6205 165.117
105.282 165.325
116.168 167.684
151.672 164.849
162.039 161.178
172.817 159.856
183.278 161.807
192.031 166.558
134.76 182.877
134.589 197.613
134.34 212.124
133.967 227.068
120.034 235.488
126.439 238.154
134.202 239.237
141.238 238.521
147.866 235.811
89.7 187.501
97.7532 183.007
107.496 182.907
116.098 186.858
107.158 189.806
97.925 190.148
155.951 182.873
163.312 177.548
173.152 177.406
181.454 181.841
173.458 184.941
164.224 185.328
109.588 256.074
116.858 252.848
125.254 249.605
134.827 250.386
144.901 248.525
153.892 251.382
161.951 253.816
154.958 262.275
145.801 267.992
135.003 269.533
124.926 268.496
116.178 263.426
122.368 256.529
134.988 256.176
149.166 255.658
149.475 258.008
135.715 259.185
122.82 259.078
