80.1099 166.296
87.6202 160.438
97.135 158.745
106.909 160.548
116.592 163.182
151.964 164.265
164.441 160.917
177.456 160.902
189.34 166.765
198.191 177.203
128.237 186.684
124.93 198.025
121.229 209.149
118.287 220.566
106.416 238.778
112.661 239.973
118.974 240.528
127.573 240.9
136.239 240.554
88.599 186.127
96.9567 180.421
105.746 182.115
111.811 190.024
103.751 191.039
94.9452 190.59
154.88 194.19
164.121 186.37
174.618 187.036
183.066 194.592
173.964 197.586
164.115 196.955
97.3212 264.53
103.683 259.211
111.158 256.107
118.582 257.053
129.972 257.386
139.856 263.364
148.776 271.503
140.087 277.741
129.006 280.215
117.35 280.027
108.639 277.268
101.647 271.902
110.751 264.884
118.284 265.94
129.796 266.751
130.102 268.198
118.553 268.259
110.476 266.399
