73.3825 151.858
82.3502 146.803
93.2945 147.733
103.295 151.594
112.935 156.858
146.801 165.287
161.455 165.376
175.623 166.73
189.215 171.599
198.775 181.719
125.553 184.35
122.356 198.232
119.076 211.681
116.185 225.38
104.48 238.797
109.884 241.065
115.866 242.302
123.759 243.222
131.124 244.114
81.4526 175.712
90.3301 173.194
99.2022 174.574
106.586 182.16
97.3044 181.219
88.2395 179.135
150.35 191.149
160.416 186.38
169.938 189.057
179.044 195.654
169.694 195.084
159.418 193.736
92.5102 265.574
98.5022 260.718
105.754 258.458
112.794 261.5
123.886 261.653
132.88 267.607
140.051 274.367
130.673 278.46
121.014 279.522
110.45 278.756
102.432 275.731
96.7754 271.321
103.959 266.485
111.532 267.643
123.32 270.138
123.022 271.087
111.681 268.732
103.803 267.032
