72.181 154.784
82.8875 149.352
96.0321 148.592
108.756 151.411
119.735 158.764
154.955 161.477
166.531 156.024
179.415 154.978
191.835 157.95
200.336 165.885
137.637 179.059
137.127 193.713
136.646 208.538
135.821 222.988
117.361 235.495
126.087 236.836
135.254 238.081
143.582 238.247
150.842 237.976
85.1884 182.299
94.4958 178.245
105.096 178.98
113.661 186.334
103.467 189.709
93.2618 188.676
158.81 189.291
167.016 182.968
177.111 183.243
185.549 189.116
176.701 193.795
167.036 193.548
98.9542 265.627
109.531 259.875
121 255.538
132.669 258.762
142.494 257.727
151.521 262.666
159.584 269.859
151.15 276.038
141.179 279.053
130.28 279.573
118.343 277.689
107.601 273.45
118.848 266.481
131.315 267.638
141.821 267.978
141.968 267.779
131.206 267.592
118.998 266.296
