57.488 119.196
66.1998 107.602
78.4714 99.2963
93.8656 96.2204
109.587 98.2475
148.766 90.4759
160.592 83.5166
174.365 80.4603
187.043 81.0214
198.593 86.4994
130.437 117.421
133.975 132.352
137.037 147.553
139.747 162.74
126.884 181.009
134.159 181.24
142.697 180.723
150.613 178.25
157.881 175.638
77.9631 133.042
86.1881 124.397
97.4175 122.716
107.013 130.64
98.4155 134.081
87.8375 136.301
153.919 121.426
160.374 110.471
170.278 107.734
179.944 112.866
173.996 118.785
164.203 121.873
122.18 213.473
129 204.526
136.706 196.979
147.07 196.132
156.602 193.244
166.334 197.537
175.293 203.545
170.608 211.914
162.42 218.399
153.403 222.735
142.375 223.811
131.344 221.053
138.558 208.582
149.101 207.421
158.512 204.956
158.885 205.391
149.634 208.109
139.11 209.868
