71.2582 130.503
80.3762 124.555
90.9366 123.382
101.558 124.812
112.114 127.713
149.746 126.663
161.192 123.585
172.767 122.604
184.555 123.659
194.676 129.199
133.152 153.042
133.154 167.771
133.156 182.279
133.051 196.796
117.121 203.875
124.411 207.944
133.044 209.727
141.265 208.53
148.697 205.668
85.2424 152.189
93.8461 147.203
103.367 147.501
112.152 153.924
103.151 156.991
93.3615 156.767
154.117 153
162.541 145.865
172.325 145.608
181.615 150.227
172.947 155.468
163.241 155.866
107.785 228.736
115.556 224.757
124.427 223.164
133.178 225.15
142.421 223.838
151.515 225.916
160.153 229.523
153.28 237.454
144.466 242.478
133.749 243.52
123.101 242.456
113.664 237.297
124.876 231.167
133.564 232.203
142.61 231.741
142.628 231.144
133.599 231.697
124.768 230.77
