59.6087 165.311
63.9762 159.412
71.1575 158.415
79.0538 161.28
85.7042 166.411
119.582 154.317
134.722 148.281
150.033 145.64
165.427 149.344
177.675 158.946
104.103 187.349
102.104 204.447
99.2037 221.123
95.4977 237.736
94.9961 248.026
99.4604 249.132
106.69 249.576
115.83 247.712
125.827 244.376
65.359 182.797
73.9206 178.554
86.3735 180.755
96.7113 190.069
85.1918 192.962
72.4819 191.461
131.051 187.524
139.652 177.955
152.559 176.684
166.364 182.174
155.193 188.686
141.983 190.085
97.5149 263.021
98.8457 261.356
103.74 260.185
111.3 261.414
124.452 260.635
139.066 261.655
155.851 260.663
143.889 267.883
131.538 274.184
117.129 277.207
108.198 275.042
102.706 269.834
106.634 265.963
114.228 266.643
129.548 266.032
129.643 267.191
116.341 267.884
108.579 266.816
