75.5851 163.992
82.1586 161.706
89.2595 161.612
96.8128 162.966
104.596 165.332
145.204 163.823
154.549 160.672
164.198 158.788
173.194 159.77
181.087 162.347
126.437 187.626
125.311 201.429
124.235 214.457
123.593 227.716
114.302 235.717
120.03 237.587
126.985 238.464
134.865 237.108
142.751 235.421
89.2452 186.485
95.136 185.414
100.908 184.972
107.115 186.476
101.384 188.95
95.0782 188.878
150.756 186.184
157.807 185.593
164.48 185.263
171.32 185.237
165.06 188.036
157.683 188.381
110.181 253.055
115.233 250.762
120.97 249.369
128.151 251.094
137.804 248.977
146.985 250.346
156.543 252.716
148.384 257.448
139.977 261.595
130.146 263.703
121.742 262.305
115.397 258.237
121.155 255.724
129.244 258.107
141.346 254.825
141.366 253.84
129.609 256.47
121.115 254.956
