78.8697 152.679
87.2747 147.327
97.7401 147.179
107.164 151.32
115.713 156.484
162.401 164.975
173.243 162.782
184.851 162.673
195.702 166.616
203.896 174.252
133.355 190.39
130.86 201.634
128.26 212.818
126.08 224.758
114.852 235.826
119.556 237.811
124.992 239.119
131.825 239.633
137.951 239.605
92.0639 180.618
100.196 176.465
108.448 177.956
113.923 184.765
106.305 186.241
98.3478 185.071
157.396 192.562
165.076 187.896
173.819 189.619
181.059 195.729
172.735 197.813
164.628 196.401
103.396 257.733
109.957 253.665
116.52 251.285
123.879 253.511
132.98 254.213
140.916 260.188
148.264 267.161
140.53 270.391
131.605 270.457
122.738 268.715
114.679 267.031
107.637 263.843
117.866 258.327
123.687 259.721
130.936 261.229
130.857 261.801
123.678 260.343
117.906 259.504
