67.5964 164.311
71.3026 156.922
77.4511 149.566
86.6002 144.209
96.9673 142.794
148.195 139.692
161.496 139.754
174.531 142.671
186.385 146.362
195.358 153.232
126.333 181.826
126.352 194.297
126.217 206.966
126.557 219.049
117.352 234.25
123.435 233.688
130.351 233.257
138.823 232.273
145.852 232.066
82.3831 187.376
88.9991 180.636
98.9313 179.173
108.592 184.388
99.7911 187.397
90.5705 188.831
152.322 180.968
159.692 173.799
169.642 173.117
178.981 177.854
170.776 181.371
161.463 181.976
108.803 260.53
113.809 253.313
121.738 248.054
131.297 248.622
141.987 247.294
152.494 250.909
162.868 256.895
155.486 264.434
145.396 268.479
134.368 270.112
123.885 269.733
114.723 267.238
122.062 258.479
131.873 258.819
143.77 257.647
144.335 258.734
132.835 259.092
122.371 259.423
