73.1002 171.024
83.0235 164.402
95.4719 162.084
108.241 163.202
120.706 167.481
157.669 170.047
169.12 168.749
180.869 169.347
191.867 172.399
200.331 178.719
137.523 196.902
136.654 208.986
135.682 221.033
134.649 233.129
120.877 246.116
127.118 247.64
133.593 248.647
140.843 248.569
147.75 247.385
90.4412 190.238
98.3909 188.743
106.269 189.161
114.362 192.788
106.021 192.392
98.1524 191.444
158.42 196.967
165.311 194.342
173.478 195.211
180.482 198.093
173.867 198.64
165.905 198.456
104.681 268.776
113.473 264.082
122.967 260.36
132.996 261.218
142.759 261.183
151.441 265.544
158.658 271.206
151.456 277.343
142.585 282.373
132.203 283.71
121.397 281.748
112.156 276.394
119.446 269.05
132.455 269.031
144.383 269.045
144.582 270.347
132.676 271.039
119.775 270.254
