75.7498 176.271
85.0564 171.852
95.6251 171.355
106.275 172.442
115.939 176
152.914 172.58
162.276 166.525
172.717 162.166
183.963 160.188
194.44 162.388
137.542 192.489
138.625 205.582
139.514 217.857
140.269 230.821
128.266 242.337
133.937 244.687
140.535 246.007
148.514 243.922
155.286 240.657
90.8031 195.11
98.5037 191.613
106.944 191.832
115.268 196.22
106.933 197.381
98.779 196.932
162.864 191.323
170.285 186.086
179.431 184.355
187.965 185.761
180.356 189.679
171.488 191.438
117.381 265.506
124.28 260.893
131.976 257.588
140.527 259.586
151.196 256.708
161.881 258.705
172.734 261.19
163.917 268.168
153.962 272.998
142.355 275.234
132.782 274.29
124.586 270.619
130.267 266.484
141.251 266.457
156.019 264.462
155.946 263.799
141.238 266.301
130.099 265.659
