81.6444 189.972
94.7627 177.617
113.406 176.136
131.767 181.059
149.921 186.817
206.001 185.221
225.077 178.912
245.155 174.572
264.957 177.767
279.827 189.769
178.099 223.449
177.22 242.657
176.301 261.394
175.221 280.077
152.569 299.325
163.174 301.483
175.201 302.362
187.936 301.685
199.535 299.596
103.404 220.97
116.244 212.932
131.602 213.871
142.716 226.532
128.717 229.026
114.468 228.183
215.848 226.444
227.702 215.193
243.345 213.491
257.962 221.098
245.151 228.768
230.057 229.712
139.28 338.811
150.609 330.875
162.197 324.189
175.547 326.024
189.641 324.518
203.077 330.394
216.613 337.782
207.381 351.513
192.714 360.564
175.331 362.567
159.636 360.913
146.949 351.999
160.547 338.056
175.404 338.571
192.243 337.904
191.973 341.132
175.72 342.723
161.206 341.686
