75.6776 155.872
86.9647 151.471
99.8268 151.369
112.313 154.146
125.2 158.318
156.551 161.678
165.934 159.696
175.878 159.017
185.567 159.888
194.138 164.069
139.636 178.75
139.292 193.114
139.305 207.219
139.083 221.509
120.598 229.094
128.366 231.861
136.543 233.748
143.594 233.075
149.465 231.462
88.0654 174.52
97.0235 169.751
107.182 169.753
115.11 176.081
106.577 177.895
96.6563 177.122
157.617 179.475
166.36 175.377
175.378 176.309
182.741 182.202
174.929 183.525
165.436 182.781
99.0885 250.005
110.072 245.69
122.17 243.543
134.194 246.987
144.099 245.6
153.262 248.717
160.657 253.787
153.007 260.534
143.367 265.738
131.9 266.546
119.554 263.651
108.498 257.122
119.396 251.793
132.748 254.239
144.486 253.519
144.239 253.729
132.301 254.421
119.017 251.874
