74.3183 161.621
85.6934 156.581
98.1951 154.891
110.933 156.447
123.391 159.547
154.924 162.337
163.649 159.816
172.565 159.343
181.398 160.758
190.04 163.71
139.983 179.698
142.012 191.375
144.292 202.905
146.294 214.872
123.443 228.875
132.78 230.707
142.584 232.122
149.847 230.939
156.21 229.21
90.0238 181.575
98.1609 177.047
106.544 177.038
112.886 182.94
105.653 184.595
97.9516 184.239
157.152 184.779
164.233 179.668
171.986 179.908
178.249 186.001
171.494 187.367
164.461 186.892
109.909 256.741
119.188 247.936
130.309 242.433
142.378 243.682
151.705 242.501
159.929 248.534
163.758 257.871
157.822 262.924
149.839 265.259
142.408 265.466
131.182 264.353
119.977 261.382
128.853 252.286
142.249 252.179
150.639 252.361
150.86 253.442
142.276 253.412
128.643 253.425
