72.3867 174.845
78.278 167.951
86.3259 164.557
94.6539 163.69
102.772 165.675
145.8 159.163
154.976 156.843
164.305 156.237
173.254 158.335
179.987 164.269
126.941 186.561
127.476 198.212
128.325 209.578
128.955 221.234
114.643 230.697
121.541 231.669
129.103 232.288
136.506 230.611
143.001 228.342
85.381 188.93
92.2384 184.05
100.002 183.601
106.653 187.627
99.731 189.402
92.7686 189.583
146.573 183.59
153.07 177.54
160.879 176.843
167.632 181.295
161.185 182.589
153.987 183.72
99.7816 250.115
109.558 245.047
120.126 242.445
130.714 242.93
141.763 240.136
152.851 240.309
162.786 243.618
157.032 254.684
147.549 263.572
133.825 267.343
119.823 266.606
108.24 260.427
117.517 248.297
131.427 247.849
145.405 245.226
148.415 256.257
132.741 260.234
116.757 259.333
