71.7022 159.007
84.2499 155.156
97.0841 154.72
110.029 156.94
122.86 161.033
158.127 165.31
164.77 163.309
172.087 162.736
179.663 163.216
186.362 165.665
139.15 184.093
141.305 198.707
143.813 212.894
145.768 227.228
121.26 236.811
129.919 239.994
139.146 241.438
147.102 240.528
153.901 238.22
83.6376 185.718
92.532 185.055
102.241 184.558
111.691 187.092
102.579 189.209
92.5149 188.926
155.086 191.447
163.284 190.241
172.004 191.084
179.708 192.854
171.809 194.541
162.86 194.234
91.5813 260.405
106.339 255.161
121.119 253.224
136.462 254.947
146.023 254.779
153.649 257.464
159.181 262.255
153.926 275.406
146.383 286.384
132.992 290.139
115.129 285.676
102.118 274.982
116.653 259.476
136.095 261.547
146.184 261.401
146.832 274.097
134.371 278.834
114.03 274.055
