60.9759 174.989
69.592 167.173
80.8254 162.711
93.1986 163.416
104.9 166.256
145.609 161.388
158.425 157.659
171.698 155.712
184.193 158.22
193.971 166.523
127.795 188.618
127.937 201.011
128.581 213.663
129.463 225.738
116.616 241.92
123.057 243.589
130.176 243.993
138.307 242.324
146.013 239.654
78.9302 195.92
86.0324 190.311
94.4433 189.476
102.425 194.413
94.3516 197.061
86.414 197.235
153.897 191.866
161.24 185.33
170.526 184.688
178.91 188.753
170.805 191.982
162.349 192.388
107.678 271.707
114.171 265.746
122.172 262.172
130.968 262.156
141.822 260.315
152.721 263.348
163.432 267.649
155.613 275.609
146.41 280.661
135.445 282.454
124.513 281.936
114.825 278.191
121.541 270.409
132.646 270.532
146.211 268.823
146.537 270.349
133.826 272.397
122.087 271.784
