73.0903 178.109
81.9846 171.836
93.2787 169.876
104.369 170.724
115.394 172.599
149.885 169.684
160.268 166.694
170.663 164.437
181.379 165.094
189.826 170.435
134.296 193.002
134.478 204.673
134.62 215.947
134.795 227.633
121.483 239.65
127.898 240.62
134.811 240.721
141.651 239.637
147.98 237.739
90.6937 198.04
98.0512 193.66
106.544 193.093
113.72 197.768
106.187 201.02
98.0283 201.025
153.644 195.425
160.148 189.703
168.767 189.369
176.68 193.688
169.559 197.359
161.208 197.846
113.719 265.254
120.137 258.333
128.177 253.734
136.989 254.662
145.503 252.781
153.662 256.12
160.642 261.632
153.485 266.052
145.874 269.472
137.421 271.022
129.074 271.148
120.728 269.685
126.81 260.709
136.829 260.114
146.924 259.432
146.696 261.865
136.56 262.322
126.754 262.897
