69.3838 137.453
76.6156 130.004
87.1929 127.562
98.1499 127.623
108.754 129.236
148.879 120.733
157.841 115.868
167.35 111.989
177.377 110.467
186.574 113.753
133.337 145.85
135.602 158.16
137.7 170.38
139.491 183.087
131.163 195.071
136.209 195.249
141.693 194.799
147.026 193.622
151.601 191.719
89.3335 155.643
96.5192 149.612
105.853 147.805
113.603 152.896
106.242 156.907
97.3381 158.001
153.122 144.966
158.796 137.575
167.444 135.216
175.873 137.73
169.808 143.239
161.261 145.325
124.965 220.917
129.155 213.57
135.27 208.037
143.615 208.192
151.539 205.715
159.32 208.821
166.001 214.199
161.184 220.48
154.446 225.025
146.393 227.114
138.406 227.561
130.91 225.844
136.771 214.877
144.257 214.345
152.138 212.883
152.668 216.435
144.928 218.375
137.438 218.63
