68.7268 68.8519
75.2235 60.8903
84.6387 54.8017
94.8975 51.1327
106.403 49.3942
147.893 42.9599
159.41 40.9162
171.131 41.6971
183.107 44.0889
194.616 49.228
128.335 77.3418
128.33 90.6232
128.718 103.701
129.569 117.006
117.401 132.137
123.643 133.603
130.705 133.859
139.928 132.153
148.841 129.419
85.2514 87.163
92.7618 83.0624
100.684 80.301
108.518 80.9499
101.011 83.0126
93.0186 85.0428
155.521 74.3286
163.321 70.8449
172.542 71.047
182.169 72.7585
173.095 74.9977
163.724 75.2612
112.256 164.885
114.493 155.814
121.046 148.892
130.561 148.888
142.435 148.214
152.523 153.138
161.803 160.407
154.992 169.89
146.415 177.002
135.342 180.662
124.768 179.218
116.7 173.457
122.078 156.668
131.938 154.814
147.204 155.955
147.211 165.355
133.939 168.8
124.022 166.98
