82.2518 157.271
91.2233 153.536
101.22 155.117
110.133 159.284
118.342 165.066
148.604 170.778
163.897 171.485
178.759 174.671
192.677 180.711
202.122 191.525
126.68 191.34
121.798 203.486
116.485 215.371
111.192 227.382
96.8855 235.021
103.304 238.627
110.108 241.42
118.772 243.411
127.465 244.66
85.6443 180.711
93.6935 177.617
103.219 180.809
109.017 187.645
100.433 187.653
91.7305 185.402
151.938 198.262
160.824 194.742
171.184 197.709
178.966 205.081
169.019 205.291
159.522 202.488
86.1625 254.545
92.9633 252.919
100.128 252.962
107.109 255.456
118.425 257.98
128.15 263.436
136.253 269.922
125.473 272.037
115.286 271.534
104.02 269.576
96.4047 265.876
90.5211 260.622
98.0384 258.734
105.731 260.899
117.602 264.416
117.369 263.518
106.07 261.459
99.1716 258.128
