66.4061 178.084
72.8811 170.21
82.5388 166.502
93.0854 166.356
103.35 167.607
140.372 163.031
151.419 158.562
163.49 156.008
175.46 158.159
184.399 165.145
126.059 186.895
126.2 199.139
126.627 210.433
127.016 221.475
119.062 236.684
124.29 236.075
129.294 235.686
135.759 234.342
141.696 232.953
84.7526 197.216
89.3942 191.819
96.7167 190.84
104.173 193.725
97.6202 196.649
90.8677 197.602
151.097 187.111
156.709 182.197
164.389 181.594
172.517 185.108
165.045 187.257
157.853 187.661
108.798 263.218
115.289 256.221
122.857 250.616
131.598 250.996
141.815 248.581
152.146 251.417
162.527 255.904
154.515 261.591
145.106 265.865
135.303 267.83
126.289 268.782
116.553 267.364
122.931 259.659
133.002 258.469
144.704 257.005
144.93 256.529
133.571 258.524
123.355 259.515
