62.1931 117.88
73.9105 113.983
86.1323 114.244
97.6812 116.538
108.945 119.644
148.581 113.744
158.583 108.465
169.191 104.521
180.172 101.914
192.46 102.512
133.981 138.858
136.122 151.874
138.348 165.067
140.569 177.979
121.722 196.2
130.427 196.665
139.664 196.277
147.008 195.302
153.996 194.104
79.1504 143.972
87.6639 138.678
96.7025 138.388
104.81 143.736
96.6738 146.649
87.5539 146.924
159.268 137.646
165.04 130.042
173.867 128.802
182.487 132.749
175.263 137.082
167.063 138.833
111.253 227.08
120.538 220.487
130.658 214.21
142.044 214.678
152.351 213.246
161.965 217.157
170.944 222.63
163.396 227.936
153.761 232.005
142.569 234.028
130.545 233.906
119.737 231.793
129.806 223.178
141.962 223.029
152.775 221.359
153.368 223.543
142.188 225.348
129.719 225.084
