67.4282 133.274
80.6506 125.712
95.9998 123.862
111.164 126.564
125.881 131.562
165.036 139.352
172.671 138.157
180.234 138.566
187.179 141.666
192.036 146.969
144.668 161.28
147.257 174.981
150.046 188.331
152.333 202.023
126.056 215.29
135.516 217.902
144.605 219.64
151.716 219.403
157.161 217.52
83.0869 158.664
94.0285 154.839
104.582 155.57
113.49 161.635
103.085 162.34
93.1695 160.93
158.959 169.681
169.225 164.113
177.418 165.376
183.094 170.952
176.406 172.336
168.104 171.406
101.628 243.495
115.971 239.329
129.635 236.415
143.064 238.539
151.349 237.973
158.945 241.267
162.785 247.35
157.217 253.782
150.578 257.077
141.648 257.236
128.06 255.371
114.629 250.766
126.099 243.975
142.097 245.257
149.881 245.809
150.195 245.84
142.592 245.668
127.225 244.498
