79.2813 93.0262
85.7343 87.828
93.8019 86.7572
101.889 87.1075
109.499 89.666
134.468 80.8924
147.152 74.3642
161.289 71.1396
175.896 73.4971
188.15 80.8125
125.44 111.313
124.029 125.877
122.495 140.082
121.349 154.008
117.132 167.845
122.98 169.797
129.921 169.842
138.665 167.895
146.408 163.678
92.7878 115.924
98.3685 110.502
106.128 110.771
111.983 117.325
105.633 119.912
98.5267 119.795
152.105 108.944
158.126 101.409
167.827 100.391
177.361 103.824
169.078 109.479
160.191 110.572
115.969 193.89
118.509 186.539
123.568 182.363
130.73 181.533
141.45 179.412
153.303 182.201
164.701 186.441
156.532 194.744
147.017 201.091
136.831 203.879
128.234 203.698
121.222 199.915
127.033 192.049
133.776 191.014
143.373 187.997
143.797 188.982
134.177 192.286
126.234 192.432
