67.0116 137.602
77.9937 132.114
89.9473 132.894
100.978 135.914
112.132 140.837
153.638 142.79
165.013 138.816
176.709 136.323
188.321 137.073
196.454 144.005
133.823 163.403
133.528 178.141
133.123 192.619
132.065 207.239
114.634 215.991
121.712 219.739
130.16 222.213
138.254 221.259
144.654 218.793
83.4875 159.978
91.8145 154.464
102.312 154.632
109.551 162.828
100.81 166.058
90.9202 165.044
153.862 164.612
162.118 156.978
172.528 156.712
180.245 162.859
172.685 167.947
162.593 168.022
99.3359 237.939
108.394 235.214
117.672 233.988
126.936 237.561
137.097 235.922
147.232 238.357
157.182 240.902
148.293 247.941
137.266 251.83
125.074 252.608
114.996 250.919
106.42 245.833
118.261 240.994
125.741 243.243
136.133 242.274
136.381 242.59
125.955 243.18
118.694 241.448
