63.4642 165.774
74.8172 155.981
89.7675 153.199
105.225 155.211
119.358 161.243
154.253 160.848
164.456 156.813
174.755 154.527
184.828 156.658
192.305 162.824
137.044 185.315
139.466 197.756
142.01 210.13
144.649 222.189
127.68 240.01
135.89 240.865
144.542 240.672
150.342 239.739
156.062 238.182
82.1755 188.456
90.2895 182.016
100.358 181.641
108.859 188.577
100.19 191.769
90.9177 191.641
154.015 188.155
161.207 181.397
170.447 180.168
177.943 185.583
169.971 189.741
162.15 190.124
112.04 272.009
122.914 264.56
133.506 259.367
145.247 258.98
153.843 257.417
161.522 261.019
167.353 267.108
164.715 278.126
156.589 285.325
146.095 286.66
132.947 285.93
120.762 280.511
132.776 269.313
145.221 268.669
154.814 268.375
155.644 270.91
145.978 271.757
133.08 271.523
