66.325 166.768
77.0435 159.42
89.7998 157.545
102.816 160.137
115.041 165.409
153.438 166.136
165.216 162.537
177.12 161.425
188.743 164.822
196.996 173.46
133.821 189.204
134.346 201.527
134.704 213.737
135.152 225.828
122.034 240.652
128.214 242.018
134.932 242.22
141.576 241.819
147.604 240.862
81.3783 189.755
90.411 184.508
100.417 184.662
108.852 191.58
99.6541 194.037
89.7429 193.818
152.803 192.892
161.235 186.759
169.919 186.492
177.585 191.864
169.477 195.193
161.109 195.168
103.397 268.932
114.502 263.772
124.827 259.646
136.125 259.825
145.719 259.112
154.502 262.965
161.43 269.014
156.899 279.596
147.109 286.894
135.207 288.088
122.284 286.624
111.382 279.318
123.774 268.822
135.344 268.106
145.72 269.051
146.545 272.593
135.287 273.175
123.341 272.21
