76.8047 147.697
84.304 140.951
94.6411 137.961
105.514 139.069
116.174 142.592
156.557 143.957
167.467 141.277
178.369 140.148
189.282 142.625
197.515 149.227
135.457 174.079
133.772 186.466
132.109 198.823
130.556 211.042
117.859 221.966
124.014 223.891
130.866 224.789
138.368 224.087
145.482 222.232
86.6459 170.17
94.4768 164.887
104.244 165.71
109.845 172.548
102.312 173.487
93.9395 173.045
162.345 174.124
168.977 167.758
178.356 167.808
185.849 172.624
178.626 175.325
170.226 175.4
102.044 250.56
109.423 243.217
118.866 237.802
129.74 239.368
142.199 238.184
153.186 244.119
162.412 252.344
153.635 260.137
142.016 264.629
129.772 265.11
118.794 263.384
108.933 258.519
117.795 248.345
129.923 248.932
143.679 248.738
144.042 252.357
130.219 253.07
118.29 251.319
