88.6999 88.6631
97.3375 82.9539
107.946 82.3573
118.206 85.1203
127.493 89.3596
163.128 93.438
173.341 92.2259
184.187 93.7816
194.189 98.6114
202.179 105.204
141.697 122.822
140.671 135.979
139.604 148.466
138.242 161.259
123.013 171.829
128.688 174.03
134.76 175.093
140.413 175.773
146.676 176.33
98.0498 116.858
105.429 113.876
113.175 114.685
118.919 119.745
111.864 121.929
104.073 121.243
162.64 125.795
170.58 122.741
178.992 123.453
185.698 128.182
178.099 130.696
169.957 129.615
108.841 195.915
115.841 190.458
124.655 187.414
132.865 189.881
141.349 190.729
147.617 196.905
152.651 204.303
146.117 209.169
136.886 210.697
128.445 209.683
120.384 207.902
113.646 203.096
121.495 196.147
131.423 199.163
141.16 200.297
140.439 200.996
130.452 199.881
121.936 196.758
