73.177 143.162
82.1949 135.125
94.4275 131.451
107.171 132.11
119.495 135.396
157.946 134.015
170.113 130.279
183.403 127.954
196.295 130.73
206.108 138.894
139.334 163.405
139.135 178.026
139.007 192.816
139.081 206.988
125.234 219.218
132.337 221.74
140.116 222.122
149.021 220.702
156.912 217.928
88.0338 168.277
96.0739 161.518
106.215 161.199
114.223 166.759
106.017 169.683
96.94 170.372
164.799 164.782
172.366 158.92
182.54 158.713
190.856 164.364
182.614 168.078
173.402 167.707
114.658 250.414
121.95 241.688
130.384 234.44
141.371 234.969
153.099 233.387
163.486 239.172
172.83 246.45
164.561 255.058
154.655 260.997
143.162 263.005
132.037 262.278
121.689 258.332
131.224 246.369
142.081 245.878
154.373 244.406
154.258 246.431
141.791 248.293
130.818 248.11
