72.5508 138.645
83.4607 132.067
95.9166 131.015
108.25 134.984
119.673 141.335
155.712 145.615
167.308 139.409
180.258 136.436
192.595 138.911
203.856 146.18
134.957 163.486
134.95 177.688
135.119 192.086
135.536 206.903
118.882 217.21
126.335 219.805
134.139 221.395
141.539 220.628
148.062 218.18
89.9388 164.19
96.9096 161.198
104.885 160.638
111.242 165.251
104.789 166.886
97.1036 167.097
160.401 168.832
167.338 165.455
176.134 165.467
183.721 170.671
176.51 172.806
168.001 172.193
105.368 242.42
115.22 238.958
124.974 235.771
134.564 236.946
142.507 235.953
149.939 240.38
156.247 245.75
149.989 249.845
141.933 251.709
132.872 252.097
122.955 250.637
113.411 247.398
123.701 242.711
133.651 243.146
142.207 242.794
142.399 244.45
133.627 245.119
123.368 243.926
