70.9864 154.338
85.8365 148.067
102.769 148.182
118.32 153.502
132.594 160.591
163.504 171.966
172.096 172.032
180.403 173.934
187.438 178.371
191.775 186.017
142.439 195.265
142.319 209.344
142.295 223.223
142.541 237.086
120.112 249.64
128.347 251.979
136.967 253.847
143.186 254.565
148.583 255.542
84.9433 183.914
96.4328 181.206
108.27 183.437
114.008 192.343
104.026 193.126
93.5871 190.984
153.954 204.241
164.153 200.156
174.511 202.239
180.798 209.675
172.307 211.969
162.658 210.166
102.575 274.568
113.661 270.449
124.416 267.635
135.046 269.585
143.742 271.01
148.629 278.162
150.189 287
145.995 289.811
139.449 291.52
131.969 290.878
121.188 287.516
111.513 281.781
122.994 276.626
133.835 278.68
141.945 281.086
141.319 282.065
133.549 280.712
123.038 277.847
