63.5035 178.177
71.204 168.761
81.9783 163.294
94.1726 162.197
105.97 164.574
144.082 161.295
155.259 157.311
166.612 154.749
177.794 156.634
186.653 163.658
130.338 188.767
132.211 203.754
134.07 218.598
136.118 232.808
123.16 244.782
130.268 245.848
137.478 245.691
144.926 243.797
152.382 241.207
80.4044 197.113
88.1973 190.982
98.0774 189.78
106.301 194.715
98.0075 198.859
88.6544 199.474
153.183 191.836
160.046 184.249
169.601 183.676
178.664 187.229
171.016 192.399
161.732 193.662
107.053 271.899
117.561 267.163
128.562 263.116
140.468 263.088
150.9 260.115
161.285 260.906
171.31 263.744
165.15 275.64
155.727 284.186
143.615 287.485
130.199 287.026
117.597 281.281
127.976 272.055
140.825 271.443
152.672 268.756
153.979 270.169
142.019 272.738
128.285 273.184
