59.4183 166.244
72.516 160.64
86.8088 161.449
100.876 166.058
113.793 173.033
150.393 171.364
162.407 164.982
175.062 160.359
188.154 158.404
199.914 163.563
131.886 188.679
132.269 206.49
132.389 224.556
132.181 242.507
115.327 250.8
122.926 253.065
131.393 253.748
139.912 253.051
147.458 250.881
72.1811 191.012
83.9567 186.65
95.9527 186.799
106.03 194.864
94.7009 198.556
82.5717 197.273
157.004 194.487
166.701 186.189
178.316 186.033
189.362 190.922
179.562 196.565
167.976 197.618
99.2819 272.681
110.372 269.787
121.787 267.638
132.733 269.578
143.02 267.845
153.262 270.74
162.389 272.801
155.15 282.898
145.01 289.68
131.941 291.479
118.519 289.76
107.55 283.092
120.223 276.113
132.544 277.472
144.278 276.334
144.793 278.058
132.505 278.268
119.774 277.607
