72.6192 171.391
76.7253 168.046
82.8816 168.209
89.0784 169.073
95.4324 170.73
148.188 167.613
158.458 162.767
169.603 160.01
180.769 159.925
191.077 163.5
121.021 190.613
119.586 201.997
119.065 213.687
119.713 225.93
115.978 241.348
120.138 242.362
125.744 242.744
132.645 241.33
139.018 240.198
79.8051 199.608
85.9929 193.85
95.1983 192.663
106.443 198.179
96.2455 200.246
86.7011 201.206
149.187 193.663
158.591 188.858
168.54 189.321
180.296 191.534
170.515 193.923
159.031 195.33
113.408 270.279
115.364 265.017
119.891 261.309
126.334 260.815
135.575 259.013
144.593 262.675
153.796 266.74
146.488 270.554
139.371 272.987
130.842 275.323
123.836 274.906
118.722 273.485
120.157 267.422
128.189 266.343
139.33 265.291
139.497 266.616
129.483 268.323
122.054 268.238
