75.2599 167.718
84.0226 160.555
95.9044 157.889
108.01 158.467
119.659 160.369
156.286 161.848
169.157 161.069
182.011 163.019
194.427 167.465
202.506 176.897
135.07 192.807
133.487 205.621
131.9 218.609
130.243 231.063
116.975 247.706
123.601 248.237
130.399 248.712
137.941 249.415
144.529 249.784
88.2746 190.306
96.6961 186.865
105.739 187.818
112.716 193.926
104.635 194.808
95.7626 194.047
160.878 197.631
168.758 192.845
178.317 193.686
186.627 199.367
177.712 201.346
168.7 200.802
97.77 275.927
107.658 269.534
118.141 264.308
129.543 265.629
141.248 265.62
151.45 272.686
160.574 281.741
151.148 287.965
140.313 290.741
128.73 290.67
117.103 289.328
106.686 284.226
115.105 275.549
128.865 276.196
142.31 277.452
143.112 279.185
129.357 278.174
115.315 277.367
