60.3166 172.098
69.8241 166.509
80.9402 164.495
91.9543 166.766
102.334 170.803
127.781 164.39
139.737 158.137
152.796 153.789
165.819 154.984
176.946 160.711
118.425 188.107
118.845 199.542
119.504 210.916
120.111 222.205
108.991 238.009
115.149 239.285
122.256 239.834
130.707 238.22
137.841 235.75
71.8124 196.288
79.3073 190.743
86.939 190.193
95.3539 192.259
87.4387 194.934
79.8724 196.233
141.98 186.038
148.995 181.929
157.154 181.85
165.571 185.023
157.337 187.202
149.677 187.433
97.059 267.177
103.416 259.401
111.407 253.134
121.249 252.821
132.687 251.245
143.368 255.587
153.698 260.559
144.407 263.966
134.888 267.52
124.554 270.105
115.225 270.872
105.729 269.49
111.645 262.179
121.951 259.759
134.535 259.417
134.708 260.072
122.782 261.178
112.005 263.037
