72.0511 162.709
81.0983 158.149
91.8389 157.426
101.958 159.427
111.523 163.59
150.957 162.51
159.692 158.897
168.847 157.381
178.846 158.955
187.442 163.092
131.159 189.841
131.585 200.584
131.992 211.096
132.675 221.342
119.728 232.56
125.923 233.307
132.966 233.314
140.092 232.514
147.056 231.117
86.9441 186.686
94.9373 180.962
103.423 180.924
109.505 187.248
101.998 190.54
93.9415 190.233
152.403 187.499
158.126 180.101
166.287 179.396
173.879 184.946
167.379 189.063
159.602 189.651
110.743 257.441
116.303 250.789
123.906 245.975
133.252 246.347
141.919 245.294
148.897 249.172
154.06 255.801
147.761 260.745
141.053 264.986
132.87 267.08
124 266.441
116.53 262.928
125.692 253.535
133.159 253.356
139.887 252.87
139.462 256.503
132.277 258.399
124.689 257.851
