68.15 173.116
75.9786 161.505
88.4607 153.932
102.601 150.21
116.947 150.377
160.348 143.118
174.384 140.87
188.413 141.304
201.358 145.104
211.438 153.853
137.541 177.379
139.922 189.421
142.927 200.443
146.594 210.723
129.321 228.125
137.988 227.128
148.082 226.372
156.093 224.998
163.397 223.539
79.3947 188.623
88.3535 184.114
99.1985 182.63
109.143 184.195
99.6621 186.309
89.5543 187.482
170.036 178.144
180.007 173.824
190.432 172.984
199.46 176.257
190.174 176.259
180.293 177.379
118.366 267.604
125.112 253.355
136.258 243.385
151.6 239.729
164.958 239.313
175.626 246.904
181.826 260.114
175.81 270.279
165.818 275.396
152.843 277.703
139.152 278.127
126.955 275.445
135.759 253.663
152.211 248.9
165.616 249.614
166.823 266.788
154.111 268.977
137.617 270.814
