70.1073 156.129
81.6263 150.267
94.7013 150.228
107.866 153.543
119.69 158.798
151.654 156.344
165.076 149.221
180.006 145.688
195.263 146.512
207.278 154.705
135.706 176.866
136.651 193.861
137.799 210.845
139.282 227.485
121.967 231.998
130.674 234.908
140.284 235.677
147.737 233.927
154.037 230.704
85.3962 172.937
94.9304 167.765
106.115 169.428
113.954 177.605
104.483 178.952
93.5367 178.572
158.619 174.788
167.718 166.113
178.591 164.454
188.719 169.58
180.013 174.967
169.736 175.731
110.88 254.244
121.066 252.853
130.935 251.575
140.661 253.801
150.425 251.605
159.573 251.744
168.436 252.674
161.518 263.123
152.018 270.464
140.432 272.564
128.881 270.034
118.869 264.041
129.879 258.039
140.578 259.896
151.221 257.542
151.087 257.58
140.678 258.97
129.626 257.585
