75.6528 114.432
86.5903 106.471
100.401 103.777
114.277 105.54
128.127 108.876
168.072 107.147
181.517 103.776
195.613 102.185
208.692 106.477
217.595 116.295
147.941 131.847
146.837 150.025
146.094 168.174
145.42 186.233
127.624 193.592
135.814 196.904
144.536 198.868
153.82 197.4
162.138 194.017
90.8502 133.604
101.384 127.642
112.402 128.341
121.938 135.544
111.603 137.651
100.692 137.679
170.892 135.738
180.56 128.367
191.322 128.401
201.096 134.416
192.036 137.903
181.411 137.992
120.94 223.334
128.218 215.212
136.821 209.76
147.122 211.422
157.212 208.942
166.022 213.569
172.52 220.909
166.942 230.188
158.973 237.23
147.855 239.907
136.954 237.745
128.436 231.39
137.082 219.859
147.427 219.692
157.137 218.816
157.391 223.107
147.434 225.724
137.661 223.806
