68.0096 168.918
78.6852 167.189
90.1159 167.367
102.097 168.313
113.514 171.921
160.482 174.93
170.659 171.4
181.287 170.039
191.903 169.397
202.229 171.411
139.692 189.65
139.05 207.462
138.666 224.569
138.433 241.403
119.824 247.083
127.485 250.461
136.167 252.545
144.356 250.758
151.667 247.841
84.3157 182.348
94.4136 177.915
104.874 179.36
113.801 188.017
103.074 189.844
92.0861 188.247
159.538 188.481
168.63 181.114
178.882 179.221
189.12 183.21
180.432 189.91
170.006 190.29
106.78 269.035
116.704 266.415
126.625 265.349
136.903 266.6
146.071 264.771
154.997 265.646
164.743 266.775
157.384 274.986
147.522 280.707
136.431 282.766
125.2 281.331
115.494 276.338
125.769 271.404
137.129 273.022
146.013 271.544
146.095 272.627
137.432 273.564
125.933 272.569
