72.2969 143.948
83.0795 136.526
96.211 134.076
109.81 136.202
122.309 140.959
155.972 145.09
168.673 141.246
181.919 139.675
194.385 143.794
203.773 151.649
137.919 172.283
137.698 187.852
137.4 203.17
136.729 218.151
121.759 226.025
128.646 228.588
135.676 229.569
142.331 229.094
148.732 226.95
86.8985 169.759
96.0335 164.144
106.178 164.014
112.935 171.799
104.745 174.383
95.5198 173.449
160.376 174.978
168.463 168.34
178.642 168.386
186.522 174.256
178.588 178.273
169.224 178.248
103.441 259.827
111.573 251.284
121.986 246.18
133.217 248.369
144.161 246.855
154.107 252.1
161.997 259.928
153.348 267.042
143.736 271.176
133.06 272.309
122.641 271.168
112.533 267.275
124.012 257.603
133.062 258.018
142.412 258.037
142.359 258.288
132.818 258.274
123.788 258.205
