72.7116 163.622
83.3558 156.104
96.8091 153.613
109.482 155.513
121.406 159.912
154.023 159.558
164.278 155.72
175.389 154.405
186.905 156.012
195.88 161.833
136.036 184.187
136.32 196.832
136.728 208.716
137.221 220.945
120.427 229.036
127.368 232.907
135.869 234.585
143.211 233.147
149.947 229.895
87.4202 183.878
96.9133 176.88
107.606 177.826
114.812 185.593
106.02 188.53
96.1301 188.146
156.103 185.721
163.865 178.397
174.524 177.923
183.786 185.14
175.368 188.804
165.65 188.805
102.402 254.567
112.002 248.204
123.254 244.051
134.891 245.554
145.473 245.069
154.893 250.425
161.816 258.502
155.973 267.768
144.929 271.864
133.148 271.562
120.606 270.607
109.301 264.843
121.9 252.97
135.069 253.866
146.927 254.169
146.608 262.664
133.746 261.406
119.441 261.244
