66.3177 145.12
75.0222 137.336
87.0021 134.711
99.2723 134.596
110.925 136.871
149.103 130.669
159.244 125.881
169.764 123.294
179.873 123.272
188.506 127.621
134.039 159.224
136.801 175.219
139.733 191.176
142.587 207.399
127.567 217.489
135.055 218.389
142.488 218.102
148.944 216.023
155.261 212.78
82.9496 162.299
92.309 154.801
103.663 154.639
113.178 163.642
103.356 166.233
92.2102 166.162
153.273 157.447
160.575 147.346
171.457 144.483
181.332 148.886
174.823 155.463
163.807 158.028
114.182 241.521
125.131 238.262
135.17 235.468
145.981 235.04
154.876 232.375
163.791 232.187
172.679 233.749
167.417 242.53
159.457 246.657
149.614 248.705
137.153 249.373
125.054 247.801
134.169 241.032
146.195 240.508
157.12 237.363
157.785 239.954
146.891 240.955
134.21 242.199
