64.5855 158.55
76.0497 148.489
90.7689 144.497
106.247 144.271
120.905 147.413
150.664 144.773
160.53 141.278
171.163 139.417
181.801 140.59
189.721 147.05
137.445 171.227
140.317 184.378
143.021 197.628
145.333 211.223
127.205 222.748
134.836 224.383
142.833 225.2
149.466 224.06
154.999 221.352
86.7638 172.567
95.324 166.24
106.09 165.406
114.11 173.132
105.349 176.963
95.1453 177.403
151.966 171.063
160.19 162.316
170.429 160.393
178.222 166.599
171.705 173.038
161.65 174.108
110.783 249.741
121.001 244.259
132.094 240.322
143.801 241.448
151.243 239.553
158.023 242.267
164.29 246.864
160.307 254.742
152.578 259.318
143.288 259.924
131.188 260.01
120.127 256.643
133.497 246.809
143.957 245.81
151.755 246.528
151.482 249.83
143.271 250.481
132.739 249.898
