78.0551 169.277
88.3716 163.401
100.186 162.274
112.18 164.57
123.894 170.059
165.316 179.586
176.178 176.599
187.257 176.562
197.27 180.051
204.367 187.121
140.065 200.139
138.713 213.717
136.801 226.124
134.375 238.846
114.297 248.373
122.348 251.155
131.304 253.887
139.893 253.629
147.297 252.777
82.9393 192.358
93.861 188.537
104.468 190.58
113.615 198.34
103.024 198.155
92.5892 196.253
163.437 206.022
173.085 201.765
183.436 202.428
191.88 208.454
182.983 210.096
172.76 209.047
96.3477 272.223
106.826 266.518
117.624 263.22
128.521 267.619
140.025 266.405
149.772 272.174
158.199 279.329
148.826 286.337
138.072 291.093
124.901 291.817
113.02 287.005
104.582 279.639
114.341 272.432
127.677 276.105
142.087 276.322
141.436 280.42
126.456 280.856
113.478 276.632
