68.0939 120.783
76.5891 113.01
88.4789 109.083
101.149 109.644
113.515 112.646
161.126 111.665
174.147 108.416
187.616 108.392
200.272 113.519
209.862 123.815
135.333 139.889
134.73 154.612
133.93 169.459
132.759 183.938
118.434 197.955
125.29 199.445
132.226 199.493
139.077 199.614
146.472 198.749
83.2312 141.972
92.1782 137.866
101.813 138.343
109.924 145.059
100.868 146.897
91.5341 146.188
163.428 145.979
172.221 139.468
181.763 138.714
191.146 144.293
181.791 147.618
172.45 148.056
104.536 225.499
114.019 219.735
123.88 215.74
133.411 216.983
144.226 216.217
154.284 219.902
164.195 225.416
154.19 233.353
143.447 239.012
131.145 239.544
120.947 237.866
112.179 232.22
123.425 224.423
133.117 225.157
144.183 225.088
143.953 224.797
132.862 225.631
122.459 224.672
