78.8438 141.164
86.3131 132.948
97.5907 130.666
109.215 131.157
121.067 133.32
160.981 131.122
172.134 129.431
183.306 130.304
193.405 135.134
199.187 144.611
142.097 159.311
142.506 172.575
142.732 185.701
142.646 198.573
127.036 205.853
134.032 207.309
141.315 207.768
147.616 207.519
153.449 206.077
92.4388 159.141
100.968 153.231
110.766 154.389
118.607 160.75
110.134 163.484
100.588 163.31
158.906 160.137
166.792 153.881
176.218 153.556
184.707 159.293
177.094 163.672
167.604 163.496
113.59 228.809
121.455 223.661
130.064 220.108
139.14 221.781
148.616 220.979
157.172 224.57
164.388 229.373
157.478 236.567
148.645 241.472
138.327 242.559
128.882 240.886
121.026 235.98
128.236 229.743
138.553 230.133
149.17 229.999
149.474 230.557
139.134 231.578
128.467 230.329
