73.9929 161.939
82.3295 156.587
92.9524 156.203
103.453 157.998
112.663 162.303
156.604 164.722
166.737 162.621
177.222 162.266
187.116 165.215
194.682 171.191
135.441 186.138
135.763 201.216
136.524 216.436
137.35 231.303
122.122 241.78
129.916 244.043
138.327 245.615
144.83 244.686
150.67 243.266
83.9629 185.978
91.4043 177.891
103.195 178.827
111.772 187.032
102.396 188.664
92.0249 188.367
154.452 190.453
164.054 183.41
176.004 184.06
184.059 191.812
175.024 194.141
163.522 193.736
106.513 259.605
116.607 258.462
127.191 258.905
138.485 259.665
150.139 259.922
159.747 261.763
169.346 264.381
160.551 273.591
150.546 279.88
137.776 282.12
124.935 277.74
115.386 269.932
124.921 264.368
138.278 266.909
150.96 266.182
150.971 268.811
137.981 271.293
124.681 266.805
