71.9954 161.737
83.0628 157.045
95.7478 158.211
108.13 160.325
121.224 163.402
155.696 165.22
166.652 163.494
177.315 162.016
188.2 161.583
197.228 166.131
135.933 184.164
135.224 198.256
134.48 212.457
133.936 226.655
117.48 234.256
124.564 236.714
132.553 237.96
139.532 237.637
146.463 236.405
86.2355 182.184
95.6238 176.922
106.098 177.361
113.685 184.588
104.386 187.769
94.419 187.373
155.9 186.809
164.447 180.11
175.06 180.632
183.067 187.473
174.32 191.791
164.163 191.142
100.195 256.014
109.839 252.009
120.252 249.699
130.845 252.144
140.346 250.62
149.295 254.074
156.272 260.458
148.547 267.328
138.859 272.116
127.866 272.625
117.077 270.168
107.635 264.19
117.491 256.191
129.912 257.936
141.032 257.816
141.039 259.623
129.84 260.469
117.753 257.575
