65.3825 164.712
75.5427 156.953
88.8598 154.907
103.08 156.187
116.617 161.35
140.596 161.659
153.091 153.84
167.831 149.864
183.11 148.709
197.322 152.641
128.248 180.327
128.36 194.867
127.963 210.123
127.906 225.142
115.306 234.533
122.284 235.914
128.933 235.812
137.07 234.184
145.097 231.415
81.4508 186.74
90.1875 180.268
101.125 179.919
109.94 185.892
100.952 189.257
90.7598 190.55
148.294 181.309
157.644 172.925
169.059 171.353
179.137 175.399
170.142 180.996
159.193 182.797
105.169 255.408
113.64 252.624
122.611 250.772
131.356 251.184
141.37 248.313
152.848 248.212
165.245 250.043
157.478 261.46
146.476 267.782
134.061 270.055
122.072 267.955
112.473 262.945
120.261 257.612
131.997 256.908
145.594 255.282
146.316 256.379
133.486 258.357
121.527 258.29
