68.9133 151.006
83.1586 148.034
98.3067 148.801
112.737 150.503
125.736 155.612
166.326 165.662
173.613 163.481
180.837 163.22
188.149 163.258
194.067 166.973
142.292 185.197
142.857 199.811
143.269 214.725
143.37 230.355
119.958 243.114
127.892 245.608
136.346 247.373
142.065 247.28
146.661 246.018
82.3577 177.715
93.6945 172.385
105.371 174.152
113.175 183.797
101.678 185.84
90.6201 184.117
154.653 190.748
163.074 184.278
172.74 185.233
178.588 192.935
171.119 196.285
162.29 195.191
101.317 272.159
111.953 266.172
123.04 261.89
134.632 264.182
141.832 263.737
147.183 268.91
149.584 275.951
144.631 281.232
137.644 284.593
130.097 284.939
119.413 282.915
110.111 278.176
121.574 271.504
132.417 273.09
139.642 273.121
139.661 273.216
132.162 273.797
121.925 271.793
