73.9124 176.427
80.3993 168.389
90.645 164.363
101.795 164.743
113.061 166.974
149.07 162.37
159.33 157.958
170.156 154.977
181.01 156.318
189.597 162.834
133.728 187.43
135.106 199.706
136.52 211.993
138.18 224.557
120.552 235.647
129.882 237.911
140.189 238.342
149.768 235.527
158.593 231.231
86.7548 195.499
95.3761 190.634
104.642 189.485
113.049 193.738
104.734 197.067
95.6792 197.643
156.467 188.272
163.351 182.575
172.332 181.455
181.37 183.974
173.494 188.21
164.598 189.614
111.786 261.755
121.36 257.685
131.442 254.236
142.32 254.127
152.434 251.225
162.634 252.492
172.2 255.358
164.821 262.993
155.68 268.904
144.747 271.507
132.392 271.109
121.225 267.658
128.596 260.807
142.688 260.324
156.199 257.343
156.483 259.041
143.159 261.38
128.265 261.944
