68.4716 180.592
76.4239 174.832
86.3978 172.698
96.641 171.982
106.432 173.298
134.843 167.947
145.674 163.282
157.365 160.536
169.395 160.616
179.582 165.995
124.578 192.011
125.883 201.181
127.262 210.079
128.76 218.738
119.142 232.363
124.73 232.515
130.533 232.254
137.654 230.822
143.769 228.409
87.7025 199.679
93.2059 195.779
99.8363 194.483
106.427 195.173
100.282 198.35
93.8841 199.589
146.211 188.644
151.944 185.177
158.95 184.875
165.306 187.231
158.485 188.533
152.141 189.166
113 252.454
117.374 245.6
124.04 241.037
132.404 240.02
142.224 238.325
152.058 240.388
161.611 243.946
157.165 254.972
148.785 261.466
137.811 264.307
127.784 263.832
119.156 259.738
122.894 248.263
133.212 245.69
147.059 244.478
149.537 254.317
136.545 256.999
124.916 256.952
