67.9966 156.69
77.9998 151.514
89.4222 150.339
100.255 151.063
112.082 152.567
156.975 152.067
169.622 149.525
182.024 148.2
194.574 148.838
204.649 155.069
135.441 184.536
134.805 198.772
134.034 213.28
133.526 227.873
117.874 237.775
126.205 240.002
134.611 241.642
142.458 240.247
150.464 238.51
80.9463 179.451
90.283 177.012
100.361 177.562
109.119 182.636
99.4911 185.358
89.0651 184.985
160.463 181.971
168.788 176.905
179.129 176.574
188.563 179.407
180.254 184.605
169.551 184.944
104.222 266.653
114.296 262.566
123.99 259.097
134.031 261.064
144.775 259.423
154.231 263.081
164.395 267.808
155.606 274.969
145.34 278.667
133.791 278.823
122.703 278.142
112.59 274.603
123.453 268.152
133.867 269.068
145.038 268.272
144.82 269.456
133.894 269.427
122.918 268.715
