64.7933 169.39
73.8371 161.096
86.134 157.923
98.7449 158.321
110.407 163.201
145.743 155.647
158.444 149.865
172.212 146.254
185.635 146.867
195.764 154.899
131.134 182.318
132.567 195.339
133.412 208.911
133.818 221.932
122.718 238.83
127.537 238.207
133.643 237.783
140.49 236.785
146.726 236.901
75.7082 191.369
86.6561 183.959
98.7362 183.773
108.552 190.361
98.5288 194.655
86.6711 196.115
153.42 186.462
162.311 176.191
174.479 174.722
184.826 181.109
176.415 187.142
164.913 188.738
108.464 269.143
116.588 263.472
125.265 259.073
134.849 259.209
145.975 257.385
157.479 260.595
169.383 263.666
161.345 273.758
150.67 280.33
138.113 283.883
125.951 283.039
115.665 278.006
125.886 267.63
136.256 267.17
148.036 265.827
149.206 267.298
137.03 269.743
125.556 269.021
