76.3509 162.884
85.5963 157.914
95.7934 157.568
106.145 160.62
115.902 165.356
152.022 170.577
162.579 167.346
173.277 166.22
182.784 170.195
189.662 177.902
133.201 185.274
132.541 196.344
131.707 207.684
130.716 218.581
112.007 229.359
119.526 232.92
128.163 234.527
137.054 234.39
145.154 232.712
84.8002 184.265
94.4132 178.53
104.473 179.439
112.216 186.998
102.998 189.11
93.0121 188.346
151.224 190.939
160.474 184.554
170.269 185.423
178.184 193.105
169.726 195.008
160.119 194.593
97.1605 252.154
106.761 245.984
117.829 243.371
128.654 245.372
138.84 245.898
147.661 250.039
154.661 255.785
147.044 264.9
136.88 271.691
124.709 273.086
112.521 270.404
102.957 262.852
114.04 249.44
128.09 250.646
140.226 252.506
139.338 262.267
125.23 263.434
111.003 260.481
