79.4966 180.727
86.0783 175.681
94.7671 174.114
102.859 173.806
111.176 174.7
148.044 169.271
158.35 167.681
168.126 166.899
177.71 168.61
185.17 173.242
131.035 191.255
131.188 202.381
131.538 213.303
132.01 224.156
118.369 234.319
124.716 234.7
132.216 234.97
140.594 234.412
148.383 233.765
89.6138 195.555
96.3533 190.256
104.841 189.914
113.08 194.315
105.37 195.659
97.0119 195.784
154.457 190.182
160.958 184.212
168.933 183.536
176.507 188.418
169.441 189.476
161.781 190.485
108.727 258.284
114.771 249.936
124.623 245.758
135.242 245.725
148.237 244.673
160.453 247.017
170.878 253.372
163.625 263.704
152.321 270.813
137.732 273.128
125.102 271.568
115.175 266.334
124.024 253.763
135.995 252.911
150.568 251.544
153.023 263.082
137.362 265.501
124.183 264.272
