73.967 171.334
79.8137 165.917
87.9496 162.282
96.946 161.589
105.567 163.782
147.095 165.048
159.009 162.808
171.297 163.002
183.293 165.521
192.012 171.49
126.081 187.43
124.04 201.537
121.871 215.34
120.193 228.631
107.943 242.888
115.285 244.537
123.427 245.571
132.552 243.886
141.089 241.779
83.0872 190.754
90.0421 184.128
99.334 184.013
107.392 189.782
99.0398 190.123
90.6596 190.294
152.021 187.884
160.485 183.14
169.824 183.811
177.602 189.11
169.47 189.146
160.571 188.797
99.184 269.379
105.885 263.41
115.437 260.178
125.326 261.056
137.412 259.586
149.701 262.394
160.626 267.802
150.712 275.427
139.09 279.547
126.684 281.52
116.019 280.479
106.426 276.578
115.441 268.957
126.423 268.838
139.757 268.128
139.931 270.823
126.005 272.113
114.961 271.679
