76.3487 173.869
84.2967 168.676
94.0383 167.352
103.63 167.887
112.935 170.061
147.78 164.042
157.424 159.824
167.605 157.29
178.439 157.502
188.172 161.596
132.273 185.927
133.302 199.669
134.301 213.324
135.412 227.272
120.077 235.792
127.376 238.093
135.957 238.449
144.735 236.008
151.898 231.602
90.7917 193.57
96.9153 186.73
105.311 186.488
112.888 191.87
105.47 194.849
97.7567 195.365
154.009 185.727
159.848 178.352
168.763 176.569
177.633 180.844
170.155 184.959
161.851 186.388
104.425 254.121
114.383 251.014
125.135 248.613
136.815 248.085
147.994 245.613
159.346 245.065
169.959 245.559
162.669 256.338
152.858 265.073
139.826 269.466
125.759 268.805
113.471 262.987
122.233 254.405
137.547 253.914
152.566 250.469
153.575 256.253
138.654 261.648
122.384 260.251
