76.1759 143.2
84.9637 136.865
96.4666 134.265
107.919 134.451
119.429 137.885
162.216 139.682
174.547 135.98
187.188 134.392
199.45 136.33
209.055 144.092
140.48 165.512
140.259 177.628
140.441 189.711
140.388 201.949
127 215.185
133.928 216.729
141.514 216.778
147.933 216.102
154.055 215.097
91.3923 165.783
99.7688 160.309
109.873 160.386
117.523 166.175
108.876 169.71
99.3138 169.854
164.455 166.834
173.069 160.184
183.839 160.035
192.917 164.963
184.113 169.053
173.695 169.537
107.45 243.98
118.258 238.49
129.231 235
140.546 236.729
150.402 234.17
159.882 238.179
169.313 243.601
161.067 251.165
151.047 254.942
140.213 256.03
128.302 254.668
116.868 250.913
127.259 243.953
140.229 244.401
151.196 243.662
151.123 242.884
140.652 243.246
127.193 243.074
