70.3541 174.263
80.3492 166.679
91.9936 161.312
104.618 159.41
117.234 161.458
149.734 158.836
159.719 156.879
169.771 157.768
179.103 161.459
187.024 167.211
136.108 188.345
138.088 199.793
140.099 211.083
142.508 222.153
123.811 234.373
131.64 236.985
140.931 237.526
148.56 235.738
155.078 233.551
88.1008 191.436
95.1003 186.599
102.918 185.829
109.155 191.102
102.03 191.713
94.4848 191.864
152.454 187.352
158.351 182.372
166.369 181.575
172.767 186.032
166.505 188.212
159.224 188.564
107.759 255.755
117.78 253.165
128.948 250.434
140.197 250.788
148.933 248.087
157.199 249.102
164.743 252.87
158.939 261.172
151.436 268.227
141.745 271.352
128.34 271.025
116.297 265.346
124.376 255.572
139.585 255.033
152.656 253.313
154.112 259.124
140.536 263.201
123.665 261.922
