67.1127 173.974
78.2253 168.5
90.0538 165.733
102.135 165.242
114.025 167.795
141.933 163.09
153.346 159.045
165.586 157.37
178.135 158.314
189.777 163.102
130.669 181.495
132.108 196.428
133.546 211.462
134.741 226.666
117.127 236.405
126.176 239.612
135.322 240.965
144.993 238.675
153.177 234.065
83.1914 192.29
91.3202 186.151
100.592 185.205
108.875 190.234
100.427 192.485
91.808 193.102
151.901 185.992
158.727 179.492
167.303 178.169
176.612 182.253
169.184 185.599
160.475 186.511
103.588 261.997
112.71 254.232
124.06 250.581
135.293 250.656
147.565 249.378
159.821 252.056
170.811 257.737
160.15 263.688
148.872 267.553
136.896 269.111
125.303 268.93
113.973 266.147
123.469 258.913
136.077 258.201
150.119 257.345
149.845 257.837
136.027 258.995
123.791 259.418
