61.4241 190.349
69.0484 181.983
80.2871 177.059
92.4628 173.809
105.113 172.46
142.474 162.244
155.475 157.434
169.31 154.27
183.015 153.312
195.023 157.51
124.71 180.879
126.099 193.236
127.612 205.503
129.131 217.81
118.585 232.351
125.859 232.795
133.852 232.08
142.055 228.809
149.53 224.1
76.0044 200.906
83.3871 194.375
94.2455 190.764
104.654 191.245
96.2903 196.808
86.1314 200.129
152.452 178.877
161.241 172.881
172.675 171.058
183.399 173.414
173.848 177.816
162.804 179.69
105.825 260.718
115.298 253.367
126.572 248.518
138.517 245.826
151.637 240.537
165.63 238.77
179.554 240.321
171.936 252.121
159.824 261.268
145.063 267.413
130.599 269.438
116.79 267.511
123.375 255.308
140.438 252.189
157.987 245.061
159.494 250.374
142.229 257.399
125.038 259.714
