64.7371 171.711
73.8579 165.653
85.9018 165.311
97.3315 167.762
108.214 172.333
153.994 170.988
164.447 166.063
175.569 162.845
186.911 162.293
195.665 167.441
131.327 193.785
132.254 205.356
132.993 216.856
133.555 228.376
119.675 239.477
126.289 241.011
133.88 241.939
141.129 240.949
147.739 239.325
77.7954 192.682
87.8885 188.272
97.7986 188.459
106.675 195.737
96.8859 197.718
86.7658 197.276
156.049 194.543
163.856 187.183
173.911 186.067
184.071 190.397
175.659 195.451
165.808 196.582
105.746 265.001
114.027 258.978
123.217 255.654
132.686 257.061
142.338 256.045
151.483 259.581
160.596 264.627
152.805 271.338
143.596 275.561
132.786 276.858
122.09 275.54
112.537 271.667
121.47 261.9
132.473 262.596
144.067 262.484
144.086 265.243
132.529 266.051
121.549 264.898
