74.3658 113.325
82.2501 106.688
93.1063 103.634
103.781 105.337
113.676 108.866
156.176 108.783
168.08 105.425
180.344 103.399
192.388 105.503
202.48 112
135.634 135.544
134.665 150.131
133.777 164.73
132.795 179.768
115.773 193.802
123.633 196.098
132.399 197.413
142.417 196.641
151.583 195.149
86.3016 137.198
95.1464 132.732
105.775 133.173
114.208 139.941
104.863 142.969
94.417 142.666
159.543 140.033
168.698 133.889
179.702 134.042
189.295 139.351
180.018 143.889
169.577 143.666
102.133 223.914
110.554 216.202
121.066 210.978
132.326 212.896
144.274 211.615
155.658 217.212
164.599 226.376
155.141 234.547
144.162 239.927
132.176 240.608
120.531 239.046
110.531 232.608
120.976 223.653
132.391 224.58
145.268 224.1
144.817 225.015
132.482 224.985
121.229 224.156
