70.5738 172.55
77.4537 165.873
86.4657 162.473
95.9299 162.224
105.017 163.241
141.753 161.043
152.169 158.005
162.888 156.33
173.168 159.445
181.41 164.992
126.064 185.779
126.42 197.076
126.848 207.981
127.312 218.497
115.475 231.632
122.093 231.815
128.145 232.119
134.551 231.43
140.761 230.086
85.2002 191.114
91.7011 186.895
99.3887 185.86
106.621 188.471
99.5501 190.359
92.8463 190.973
146.896 185.701
154.226 182.843
161.868 182.457
168.429 184.865
161.494 186.883
154.259 186.917
107.343 256.556
112.88 249.315
120.773 244.758
130.375 245.114
139.947 243.448
148.83 246.587
155.283 252.502
148.813 258.053
141.521 262.495
133.157 264.94
124.01 264.663
114.295 262.306
120.128 253.558
131.269 253.02
142.254 251.469
141.89 253.838
131.455 256.032
120.327 255.793
