66.1246 165.297
73.6993 160.219
82.9576 158.376
92.6237 158.289
102.399 160.236
143.582 159.486
153.334 157.898
163.181 157.612
172.863 159.493
180.356 164.529
123.715 184.404
123.75 197.032
123.579 209.411
123.563 221.368
112.593 233.159
118.249 233.269
124.83 233.212
131.532 232.563
137.303 231.764
80.5089 185.986
88.454 181.254
97.6696 181.066
105.088 186.359
97.2439 188.474
88.3669 188.452
143.758 186.636
150.962 180.957
160.515 180.479
168.462 184.955
160.629 188.325
151.706 188.61
105.579 258.003
111.206 252.534
118.36 249.406
126.441 249.705
135.514 248.816
143.998 250.82
150.859 255.971
145.25 262.797
136.955 266.331
127.259 267.544
118.304 267.309
110.799 264.548
119.477 255.912
126.687 255.834
136.278 255.259
136.381 258.358
126.887 259.601
119.273 259.168
