75.4574 121.864
82.3778 114.859
91.9977 112.121
102.221 113.061
111.455 116.589
145.254 117.095
155.326 113.549
166.639 111.432
177.68 114.042
185.618 121.909
128.301 146.33
127.693 157.674
127.513 168.867
127.522 180.067
119.474 191.23
124.572 191.951
129.642 191.899
134.94 191.265
139.953 190.506
89.1396 144.69
96.0567 139.285
104.743 139.806
109.971 146.705
103.326 149.934
94.8402 149.509
150.812 146.554
157.062 139.031
166.075 139.039
173.526 144.78
167.079 149.117
158.569 149.628
110.252 218.231
115.638 212.439
122.604 207.52
130.619 208.684
139.805 206.883
147.352 211.95
153.49 218.252
146.796 222.41
139.309 223.865
131.667 224.741
123.788 223.962
116.075 222.304
124.672 214.675
131.171 215.001
137.555 214.729
137.148 216.262
131.257 216.387
124.833 216.013
