88.6877 148.781
99.1377 145.83
110.673 148.529
120.917 153.886
131.067 160.368
158.988 168.081
170.667 167.675
182.273 168.909
192.646 173.978
198.888 183.542
138.012 186.269
134.383 198.025
130.629 209.349
126.644 220.154
109.188 224.182
115.079 228.957
122.093 232.065
130.214 233.051
138.013 232.561
94.5599 171.841
102.831 171.234
110.53 173.605
116.978 178.333
109.091 176.984
101.273 174.331
158.391 190.366
166.223 189.744
173.914 191.823
180.027 196.426
172.733 195.095
165.049 192.9
88.842 241.308
98.8091 239.201
109.029 239.958
118.246 244.498
128.513 245.822
137.03 250.786
144.755 256.613
135.168 262.121
124.527 263.701
113.212 261.78
102.396 257.238
94.1795 250.322
106.26 244.661
116.851 248.417
128.014 250.988
126.211 257.856
114.763 256.2
103.777 251.287
