74.1259 91.4498
79.9185 85.8768
87.5706 81.9285
96.2257 79.3074
104.956 80.3314
138.048 73.4725
149.386 69.6501
161.148 68.0312
173.099 69.6984
183.643 75.407
120.476 95.0367
119.799 108.572
118.048 121.712
116.117 134.833
109.373 154.533
115.439 154.926
121.366 154.567
130.439 153.013
138.847 150.689
82.3132 118.18
87.1091 107.187
97.0879 106.183
106.372 112.843
98.0426 115.713
90.1136 117.802
146.512 105.669
152.607 95.218
163.299 94.0595
173.059 100.623
164.428 104.722
155.234 106.051
107.422 189.561
109.794 180.603
115.189 173.142
124.114 171.374
135.161 170.247
145.648 174.4
155.259 180.253
145.83 184.459
137.095 187.432
128.351 190.353
121.387 192.484
113.584 192.793
117.341 183.434
125.754 180.537
139.313 178.569
138.591 178.309
125.927 181.415
117.799 183.592
