70.3076 140.656
82.5066 132.264
97.6153 130.477
112.336 133.435
126.412 138.688
157.323 142.178
164.346 138.458
171.709 136.216
179.028 136.72
184.75 140.522
144.469 158.95
147.61 169.33
151.27 179.382
155.004 190.303
134.728 205.996
143.18 207.968
150.482 208.778
156.429 207.914
161.013 205.839
87.0777 161.275
96.712 156.076
107.414 156.333
115.638 162.608
106.189 164.909
96.1783 164.7
156.866 165.147
164.363 159.49
173.426 159.093
180.723 164.975
173.458 167.451
164.554 167.225
113.081 237.032
125.229 228.933
137.937 223.551
151.33 223.866
159.871 223.556
166.463 228.278
167.853 236.238
166.274 243.997
159.708 249.484
149.99 251.056
136.936 249.155
124.039 244.724
134.128 230.704
150.539 230.744
160.043 230.832
159.425 238.816
150.217 240.312
134.465 239.433
