72.2752 162.587
81.536 156.667
92.6456 154.845
104.22 156.998
115.615 160.777
154.031 161.721
164.374 158.052
174.954 156.101
185.154 156.836
193.765 161.792
135.094 183.375
135.241 194.743
135.662 205.809
136.193 217.095
120.163 229.426
127.446 230.688
135.208 231.121
142.783 230.742
150.152 229.188
89.8355 184.145
97.4099 178.968
106.757 179.065
113.9 185.38
105.892 188.649
96.9592 188.203
157.804 186.132
164.468 179.176
173.457 178.276
181.436 183.301
174.427 187.917
165.92 188.467
104.77 257.721
114.136 250.438
124.334 245.213
135.986 246.245
146.504 245.004
155.732 249.727
163.679 256.964
155.352 262.62
145.695 266.519
135.562 267.389
124.548 267.595
113.568 264.332
123.599 254.68
136.141 254.607
146.586 254.187
146.458 254.91
135.685 255.183
123.575 255.615
