76.061 145.365
84.7796 140.912
94.2196 140.049
103.298 141.274
112.551 143.911
159.385 142.636
169.331 138.75
180.061 136.803
190.745 138.298
199.39 143.798
136.291 174.364
136.435 186.878
136.831 199.838
137.009 212.589
123.782 222.446
130.541 224.999
137.897 226.117
144.851 224.553
151.238 222.461
91.0451 175.6
98.4382 170.99
107.331 170.861
113.95 178.13
106.545 180.365
98.1975 180.021
160.763 177.498
167.579 171.037
176.338 170.455
184.314 175.246
176.447 179.976
168.005 180.244
107.056 250.48
117.561 245.114
128.139 242.235
138.991 243.677
149.012 241.461
158.999 244.905
168.726 250.272
159.641 255.849
150.048 259.016
139.072 259.68
127.389 259.439
116.352 256.675
127.307 250.305
139.052 250.657
149.196 250.293
149.081 249.71
138.608 250.339
126.572 249.991
