64.4078 163.108
72.3529 154.842
84.2062 150.388
96.9454 149.042
110.572 150.725
153.39 150.53
164.517 147.951
175.332 149.405
185.034 154.085
192.077 161.872
131.777 181.78
132.801 192.568
133.709 203.267
134.632 213.767
114.277 227.338
123.301 230.326
134.3 232.198
144.373 230.711
152.156 228.546
78.9183 181.751
86.2894 176.515
95.204 175.611
103.68 181.183
95.0356 182.945
86.452 182.805
157.804 179.678
166.146 174.16
174.933 174.985
182.247 180.317
174.467 181.11
166.541 181.024
102.15 258.494
110.772 250.768
122.644 246.904
134.454 247.644
145.486 247.131
156.134 251.696
164.061 259.069
158.085 267.994
147.717 273.026
135.557 273.888
122.165 272.326
109.951 267.605
121.145 253.486
134.39 254.024
146.261 253.711
147.659 264.13
134.815 264.457
120.786 264.307
