80.6314 147.115
89.6318 141.977
100.218 141.559
110.572 143.459
120.283 147.444
147.582 149.035
158.739 145.231
170.033 143.399
181.247 144.817
189.66 151.78
133.594 166.01
133.01 179.761
132.81 193.579
132.303 207.483
119.879 213.865
125.803 215.467
132.81 216.64
139.801 215.624
146.089 213.528
91.2347 167.017
99.6815 161.287
109.596 161.675
116.896 169.601
107.713 171.644
98.449 170.663
151.351 169.355
158.688 162.199
168.07 162.087
176.011 167.458
168.713 171.536
159.513 171.836
107.402 235.493
115.935 233.235
124.199 231.615
133.199 232.212
141.65 231.272
149.66 232.621
157.065 234.878
150.145 241.099
142.183 244.984
132.638 245.985
123.094 244.901
114.953 241.202
123.898 237.428
133.19 237.593
142.146 236.972
141.716 237.986
133.468 239.013
124.602 238.025
