70.1487 168.09
79.0233 160.798
90.8402 159.558
102.557 161.926
114.11 164.944
145.595 162.381
157.768 159.331
169.998 156.643
181.75 158.159
191.847 165.403
130.617 191.049
130.608 200.446
130.593 209.519
130.485 218.519
119.455 230.867
124.939 231.816
130.941 231.465
137.287 231.458
143.181 230.319
87.0376 188.602
94.1416 185.296
102.046 185.539
108.648 190.026
101.345 192.545
93.2647 192.064
153.876 188.234
159.584 182.937
167.504 182.298
175.115 185.323
168.683 188.952
160.883 190.243
109.313 253.963
116.65 249.966
124.256 246.528
132.809 246.423
142.103 246.077
150.383 249.375
157.596 253.238
149.673 256.844
141.963 259.058
133.391 259.477
124.908 259.871
116.844 257.747
125.749 252.841
133.003 252.405
140.618 252.261
140.877 253
133.096 253.152
125.752 253.339
