78.1411 162.937
89.6174 157.134
103.297 156.969
116.26 160.423
128.63 165.747
159.171 173.131
169.151 171.465
179.487 171.9
189.241 175.035
196.848 181.787
143.205 186.766
141.736 201.178
139.885 215.696
137.975 230.056
113.816 239.251
121.69 243.53
130.931 246.588
138.513 247.586
145.394 247.51
88.4912 182.516
98.3423 178.426
108.395 179.7
115.553 187.043
106.598 186.574
97.6281 185.321
158.668 196.135
166.96 192.254
175.209 194.276
181.334 201.658
172.993 200.577
165.353 198.814
88.4534 265.86
99.5998 257.903
113.231 255.548
126.214 259.679
136.638 262.345
144.148 270.047
147.103 280.23
138.976 286.363
128.899 290.894
117.373 289.879
104.953 285.08
94.7281 276.917
107.395 262.273
124.383 264.967
136.674 270.069
132.961 281.315
119.772 279.71
104.265 274.884
