73.6914 80.1112
82.7472 74.1109
93.7943 72.516
105.434 74.3258
116.117 79.7448
151.099 78.2873
166.986 72.5217
184.333 70.6114
201.202 72.9623
214.912 82.7602
132.298 100.832
129.726 115.38
126.937 129.391
124.243 144.039
114.783 162.291
120.744 163.644
127.569 163.786
137.731 162.634
146.406 159.541
85.7996 108.784
93.6753 102.591
103.519 101.62
112.323 106.92
103.983 110.454
94.7057 111.652
161.403 107.718
169.925 101.374
180.606 100.346
191.308 105.441
181.521 109.678
170.922 110.217
103.099 194.131
108.894 186.139
117.201 180.62
127.138 182.025
139.265 181.199
150.395 187.929
161.281 195.061
150.392 200.818
139.809 204.637
127.113 205.512
117.371 204.077
109.677 200.087
118.329 190.69
127.265 190.902
137.972 190.869
137.963 191.139
127.285 191.109
118.646 190.667
