71.2052 170.298
78.2777 163.329
88.2541 159.781
98.9955 159.586
109.843 161.049
152.666 159.801
164.683 156.329
177.398 156.528
188.762 161.004
196.013 170.626
129.897 186.364
129.602 199.256
129.341 211.891
129.118 224.293
113.486 239.754
120.934 239.788
128.937 239.918
137.564 239.251
145.873 238.465
82.4166 193.172
91.0014 188.885
100.158 188.364
108.577 191.551
99.9491 193.969
91.1965 194.397
155.177 191.159
164.013 186.994
173.84 186.961
182.065 191.102
173.436 192.211
164.55 192.33
100.216 270.113
109.818 265.183
119.046 260.987
129.16 260.869
139.372 260.084
149.526 263.159
159.515 267.351
150.695 273.285
141.074 277.02
129.872 278.713
119.058 277.621
109.572 274.871
118.738 268.328
129.655 268.194
140.707 267.541
141.297 269.615
129.721 270.669
118.658 270.59
