68.7796 167.605
78.3816 163.052
89.6729 162.546
100.637 164.314
111.18 168.774
144.977 166.255
157.294 163.153
169.598 162.09
181.913 163.981
191.918 170.296
129.957 189.591
128.828 208.413
128.349 227.062
127.902 245.016
116.451 253.107
122.11 255.369
128.957 256.506
136.376 255.767
143.131 254.47
80.5872 192.999
88.8794 186.184
98.9588 186.628
107.003 193.17
98.0882 193.649
88.7606 193.416
154.68 193.577
163.015 186.744
172.777 187.438
181.3 193.147
172.086 194.55
162.963 194.356
102.904 279.954
110.899 276.127
118.914 274.647
127.042 276.833
137.601 275.247
148.059 277.771
157.101 282.656
147.712 288.078
138.593 291.467
127.807 293.786
117.442 292.25
108.536 288.128
118.868 281.234
126.843 283.211
136.473 282.069
136.145 282.737
126.802 284.248
118.529 283.19
