83.7464 174.657
91.5455 165.726
103.502 161.048
116.669 160.788
129.456 163.477
163.568 164.998
178.275 162.472
193.383 164.032
207.126 169.492
216.711 179.044
145.876 197.484
144.983 211.169
144.181 224.704
143.2 237.997
128.056 250.581
134.211 252.768
142.527 254.169
151.318 253.435
158.9 252.139
97.3107 200.837
105.275 195.447
114.422 195.84
122.068 201.579
114.076 203.211
106.045 203.567
172.206 202.434
180.07 196.864
189.857 196.904
198.157 202.668
189.359 205.603
180.44 205.336
111.345 282.046
120.777 275.049
131.061 269.325
141.878 272.813
154.733 270.493
166.893 277.238
179.362 285.786
168.234 292.998
154.937 296.872
140.966 297.225
129.632 295.138
119.501 289.309
129.542 282.269
141.786 283.367
157.113 283.853
157.401 283.409
142.228 283.153
129.843 281.402
