73.5588 179.67
82.8096 172.304
93.8473 167.747
105.748 167.606
117.491 169.978
156.44 168.581
167.742 165.561
179.39 165.011
190.305 169.242
199.084 176.776
137.603 190.697
138.533 201.927
139.403 213.297
140.489 224.561
122.274 242.367
130.288 243.521
139.096 243.747
147.479 242.785
155.309 241.011
86.9652 199.01
95.1723 192.433
104.282 191.886
111.602 197.748
103.714 198.581
95.3375 199.126
161.312 196.307
168.963 190.118
177.577 190.134
184.999 195.321
177.501 195.867
169.501 196.412
105.351 271.435
114.871 263.839
126.273 259.215
139.308 259.088
151.716 258.674
163.33 262.592
173.233 268.369
163.863 275.502
152.254 280.235
139.398 282.616
126.579 281.797
114.702 278.379
125.284 268.835
139.354 268.104
153.691 268.114
153.416 269.56
138.92 270.463
124.677 270.67
