67.5577 173.672
78.4907 169.291
89.6759 168.202
101.168 169.043
112.162 171.568
136.11 166.773
150.038 161.093
164.693 156.04
180.165 154.036
194.457 157.41
125.419 184.754
125.517 198.495
126.013 211.824
126.921 225.729
119.001 237.799
125.5 238.818
132.116 239.096
140.458 237.323
148.49 234.131
79.2947 197.677
87.8918 190.745
98.0079 189.602
108.244 193.107
99.512 198.248
89.4044 199.88
153.93 185.425
162.012 178.553
172.705 178.227
183.437 182.466
173.781 186.379
163.245 187.46
113.398 265.787
116.881 259.016
123.863 252.991
132.616 252.883
145.203 250.725
156.859 254.535
167.251 258.992
157.626 264.156
147.511 268.107
135.927 271.226
127.43 270.631
119.754 269.143
123.711 261.051
134.106 259.28
147.772 257.726
147.798 258.792
134.988 261.227
125.107 261.766
