72.2474 158.725
83.0993 155.227
94.743 155.715
106.129 157.997
116.214 162.68
146.121 165.506
157.177 161.099
168.717 159.197
180.423 159.104
190.308 163.83
130.522 183.549
130.36 197.667
130.211 211.528
130.37 225.333
114.995 232.794
123.68 235.363
132.378 236.152
140.48 234.77
148.376 232.338
84.0181 178.818
92.5363 174.202
102.576 175.513
110.82 183.833
101.003 183.115
91.5852 181.891
152.77 184.047
159.832 176.23
169.857 175.89
179.103 180.489
170.749 182.153
161.74 183.003
97.7317 255.609
108.353 250.211
120.012 248.527
132.25 250.086
144.018 248.47
155.958 250.183
165.76 254.49
158.444 266.963
146.67 274.472
131.433 277.057
116.654 274.693
105.818 267.263
116.84 254.696
131.341 255.836
146.415 254.085
148.255 265.522
131.452 268.809
115.023 265.92
