72.0188 160.251
78.602 153.947
88.9039 151.81
99.3236 154.223
108.877 158.776
153.537 160.359
164.486 158.376
175.275 157.282
185.562 160.29
193.489 166.994
129.838 183.914
128.668 195.618
127.251 207.017
125.744 218.201
111.166 228.395
117.944 229.953
125.148 232.097
133.454 231.704
142.235 230.959
89.9589 179.21
96.6267 174.943
104.464 175.504
109.983 182.834
103.186 183.666
95.985 182.489
153.532 184.262
159.751 178.216
168.004 178.454
174.652 183.512
167.38 186.11
160.403 186.074
95.7613 253.738
102.951 246.415
112.75 242.615
122.774 244.745
135.02 244.512
146.377 249.408
155.475 257.044
145.308 262.326
133.961 263.864
122.1 263.291
112.25 262.219
103.191 259.354
113.803 252.153
122.217 252.684
133.886 253.801
133.694 254.045
122.782 253.019
113.822 252.793
