75.2494 132.155
85.9146 127.48
97.3548 127.544
109.107 130.187
120.229 134.03
156.628 139.192
166.658 136.126
176.621 134.899
186.953 135.317
195.331 140.462
136.563 156.658
136.247 170.093
135.623 183.074
135.536 196.834
119.642 210.169
126.136 211.754
133.11 213.345
138.971 213.047
144.271 212.741
88.6525 152.706
97.749 148.097
107.371 148.838
114.484 155.892
106.289 158.257
96.6115 157.645
155.395 160.044
163.941 154.692
173.174 154.628
180.38 161.223
172.764 164.303
163.802 163.852
105.577 235.298
115.003 231.209
124.504 228.172
134.001 229.576
142.3 228.509
149.92 232.151
156.903 237.232
151.229 245.175
142.403 249.987
132.016 250.903
121.717 248.46
112.546 243.028
123.878 236.692
133.346 237.583
142.785 237.645
142.655 239.085
132.926 239.441
123.412 238.065
