66.3042 176.925
73.8789 166.593
85.2325 159.629
98.4843 158.228
110.972 161.239
151.383 159.39
163.066 157.395
174.781 156.484
186.025 160.114
192.986 169.395
134.265 192.399
135.693 203.019
137.171 213.615
138.518 223.884
121.891 241.79
129.928 242.585
138.561 243.258
146.238 242.795
153.893 241.894
83.732 197.935
90.2104 191.594
98.868 190.679
106.537 196.557
99.2287 199.327
91.2817 200.086
156.601 195.589
163.597 189.025
171.966 188.872
178.986 194.166
172.202 197.302
164.053 197.629
109.074 269.336
118.648 263.521
128.723 259.449
139.254 260.172
147.913 259.139
157.114 262.223
165.89 266.859
159.551 274.126
150.128 278.33
140.454 279.327
129.306 278.661
118.447 275.95
127.156 266.898
139.904 267.797
150.364 266.592
150.46 266.826
140.246 267.641
127.316 267.981
