75.4929 146.541
85.9655 142.593
96.988 142.668
107.547 144.088
118.132 146.565
151.301 146.27
163.136 143.511
174.869 141.845
186.52 141.8
197.619 145.795
134.694 169.997
134.119 182.683
133.595 195.379
133.28 208.305
118.945 218.035
126.294 221.303
134.218 223.057
142.94 221.371
151.359 217.756
87.6513 167.333
95.7898 161.042
105.133 161.105
112.749 168.631
104.228 171.428
95.6724 170.939
159.23 168.368
166.429 160.447
175.838 160.202
184.374 166.212
176.454 169.396
167.924 170.371
107.47 249.553
114.941 241.351
125.064 236.461
135.72 236.908
146.554 236.415
156.976 241.331
165.298 248.952
158.255 257.701
147.505 261.887
135.914 263.144
124.512 262.188
113.898 258.103
126.163 245.566
136.073 245.327
146.433 245.517
146.949 249.254
136.119 250.297
125.578 249.708
