81.2099 163.855
88.5435 159.81
96.8185 158.289
105.454 159.54
113.517 162.911
157.66 166.299
166.909 164.287
176.382 164.429
185.802 166.716
193.029 172.305
134.58 182.844
134.221 195.768
133.932 208.507
133.629 221.113
117.473 236.23
125.008 237.827
133.393 238.901
141.275 238.558
148.253 237.727
88.6536 186.648
95.5687 182.815
103.897 183.071
111.425 187.392
103.721 188.172
96.104 187.895
157.426 190.172
165.966 185.855
174.267 186.737
181.743 191.559
173.772 192.388
165.859 191.813
102.665 262.663
110.056 255.115
120.543 251.151
131.351 252.15
142.401 252.393
152.026 257.681
159.355 265.675
151.241 273.059
140.92 276.611
129.988 276.983
119.617 274.932
109.935 270.08
117.81 259.735
130.887 260.415
143.935 261.681
143.522 266.025
130.753 265.73
118.142 264.376
