77.2707 171.074
85.1034 165.06
94.8956 162.344
104.761 162.61
114.582 164.638
150.737 162.556
160.81 160.187
171.182 159.751
181.358 162.262
190.485 167.94
134.348 186.176
135.073 198.733
135.54 210.901
135.689 223.207
122.381 238.324
128.817 238.292
135.389 238.428
142.18 238.139
148.626 238.007
90.764 187.999
97.7074 184.619
105.588 184.5
112.327 187.94
105.561 189.662
97.9609 190.131
155.354 187.111
161.664 182.797
169.493 182.526
176.827 185.445
169.764 188.318
162.313 188.512
111.884 260.906
119.309 255.834
127.446 253.104
136.176 254.164
144.798 253.033
153.13 255.901
160.591 260.917
153.981 267.135
145.35 270.814
136.046 271.703
126.957 270.496
118.635 266.596
124.563 260.069
136.29 259.886
147.671 260.21
147.545 261.533
136.058 261.289
124.358 261.429
