67.4149 168.032
75.9905 161.806
86.8735 160.06
98.2585 160.316
109.37 163.525
145.071 158.202
154.758 153.982
164.592 151.171
174.977 150.973
183.353 155.678
131.013 183.806
132.952 196.123
135.608 208.37
138.651 220.522
124.466 232.958
131.629 233.273
139.331 232.608
145.895 230.779
152.265 228.847
86.2202 192.159
93.2815 185.61
102.598 184.874
110.554 189.677
102.799 193.18
94.2273 193.97
150.642 183.938
156.694 177.129
165.445 176.192
173.367 179.783
166.543 184.909
158.527 185.286
110.793 250.688
120.577 248.487
130.518 245.654
141.073 245.32
150.237 242.586
159.078 241.793
169.518 240.684
163.904 253.562
156.54 264.711
144.164 269.52
130.442 268.333
118.914 261.487
126.512 251.469
141.328 250.11
154.621 246.739
157.868 255.329
143.364 261.446
126.873 259.907
