64.7403 171.973
73.2628 163.173
85.4501 158.785
98.8566 160.643
111.13 166.405
155.877 166.116
165.481 161.402
175.813 159.17
186.21 161.622
194.137 167.833
134.268 193.538
135.5 204.935
136.743 216.023
137.829 227.281
121.368 239.77
128.691 241.071
137.038 241.283
143.288 241.033
149.093 239.805
80.6486 195.536
88.797 193.397
97.0201 193.558
103.949 197.289
96.4911 198.739
87.9949 198.618
158.361 197.234
164.888 194.03
172.979 193.266
181.02 194.983
173.762 197.727
165.504 198.407
103.652 269.704
112.446 261.593
124.119 256.885
137.289 257.393
148.861 256.819
159.083 262.173
165.214 270.874
158.741 280.172
147.858 284.932
136.583 285.54
123.837 284.05
112.589 278.281
120.658 265.117
136.96 265.73
150.612 265.157
150.822 275.587
137.254 275.829
120.77 274.578
