68.6047 158.431
77.6842 150.342
90.5662 147.332
103.614 148.556
116.192 152.879
155.908 156.802
167.773 153.797
180.057 153.471
191.446 156.74
199.284 165.307
135.161 184.391
134.366 197.814
133.495 211.142
132.873 224.354
115.013 233.118
123.629 235.635
132.77 237.002
141.538 235.868
150.188 233.83
82.337 181.086
90.5116 175.681
100.315 176.021
107.449 181.908
99.3351 184.999
90.4173 185.158
159.72 184.67
167.736 179.342
177.529 179.289
185.079 185.432
177.22 189.135
168.259 188.376
100.502 260.979
110.697 255.61
121.309 251.611
132.498 254.137
141.747 252.166
150.675 256.734
159.676 262.191
152.255 270.801
142.608 276.242
131.654 277.266
119.174 275.974
108.639 270.486
118.733 260.847
131.948 261.797
142.404 261.434
142.751 263.234
131.846 264.767
118.722 262.697
