69.7162 167.047
81.6262 166.58
92.813 168.678
103.486 171.061
113.668 176.345
156.554 177.285
167.022 171.664
178.254 167.726
190.482 165.617
201.414 168.709
136.984 190.628
137.326 209.82
137.932 228.563
138.031 247.118
116.675 249.8
127.089 254.307
137.723 256.695
147.99 253.828
156.586 247.723
79.9748 190.072
90.0189 186.803
100.883 188.421
110.979 194.561
99.9292 197.694
88.9497 196.648
159.637 194.429
169.272 187.032
180.481 186.001
190.368 189.086
181.233 195.27
170.506 196.547
104.199 270.832
114.855 270.497
124.392 270.302
134.278 272.206
144.852 269.912
154.398 270.576
164.014 271.492
157.416 282.389
147.357 288.684
134.218 290.324
121.043 287.784
111.505 280.407
123.236 277.206
134.895 279.885
148.362 276.919
148.608 278.118
134.822 280.49
122.693 277.444
