69.3899 133.29
79.9315 125.026
93.2808 119.916
107.24 119.561
120.916 122.323
162.609 130.28
172.656 128.42
183.44 129.344
192.7 134.245
198.767 142.168
141.953 154.689
143.945 167.253
145.876 179.98
147.687 192.873
126.943 207.072
135.438 209.94
144.836 211.37
150.994 210.587
157.084 209.131
85.6922 156.32
94.6304 150.555
105.307 151.068
112.965 157.105
104.229 160.204
94.4525 160.344
159.711 163.178
168.496 157.365
178.774 158.052
186.047 164.537
177.442 167.28
168.098 166.619
109.439 238.368
119.691 233.101
131.153 230.19
143.184 231.453
150.776 230.832
157.959 234.449
163.688 240.538
158.581 246.357
150.756 248.488
142.661 248.818
130.661 247.348
119.551 243.616
129.585 237.52
142.869 239.06
150.163 238.855
151.43 239.098
143.572 239.759
130.33 237.979
