62.8964 169.184
72.6056 160.28
85.2724 156.55
98.2996 156.45
111.589 158.224
143.824 156.792
156.466 154.145
169.195 153.048
181.554 156.517
191.183 164.612
131.068 187.866
132.31 201.925
133.517 215.769
134.351 229.519
118.066 240.857
125.43 243.012
133.797 243.773
141.967 242.441
148.952 240.253
81.5464 190.007
90.0274 184.9
99.3018 185.165
106.255 190.824
98.5442 193.606
89.7311 193.528
152.294 189.877
159.496 184.282
168.478 183.775
176.987 188.386
169.137 192.421
160.331 192.631
107.455 273.174
115.442 266.902
124.084 261.96
133.24 263.958
143.361 262.092
152.477 266.666
161.037 272.494
154.129 279.406
144.971 283.794
133.927 285.605
123.336 283.878
114.495 279.845
123.568 271.128
133.405 272.062
143.817 271.227
143.667 273.719
133.873 274.725
123.736 273.954
