72.4125 158.234
80.1274 152.359
89.9712 150.569
99.9724 151.417
109.177 154.432
146.94 154.138
157.171 152.34
167.569 151.997
177.678 154.557
185.952 160.689
129.175 180.629
128.884 194.672
128.121 208.456
127.322 221.97
112.817 231.222
120.209 232.854
127.728 233.72
135.991 233.487
143.741 232.351
85.185 182.892
93.0411 178.38
102.256 179.031
109.828 184.681
101.551 185.852
92.9402 185.486
149.969 184.3
157.551 178.922
167.353 178.89
175.294 184.184
166.86 186.369
158.238 186.151
99.8526 252.245
107.552 246.988
117.608 245.12
127.272 245.761
137.986 245.658
148.675 248.202
157.18 253.286
147.616 257.551
137.372 260.076
126.575 260.404
117.011 259.75
108.032 257.103
116.57 251.375
127.172 252.224
139.144 252.157
138.824 252.256
126.768 251.865
116.229 251.487
