75.0968 161.45
86.5666 156.233
100.011 155.564
113.223 158.721
125.854 164.241
152.707 174.043
160.981 172.281
169.135 171.585
177.223 173.419
182.979 178.589
137.913 188.464
138.364 200.155
139.132 211.974
140.024 223.369
120.275 233.375
127.379 235.612
134.45 236.635
140.004 236.672
145.407 235.52
83.2186 182.422
92.0418 175.889
102.792 176.765
110.501 185.947
100.864 188.64
91.1174 187.642
149.896 194.151
157.441 188.454
166.518 189.747
172.299 198.131
164.423 200.787
156.253 199.278
101.63 258.172
111.939 253.73
123.193 250.122
134.105 252.741
141.703 252.337
147.689 257.301
150.372 264.498
146.253 271.076
138.984 273.938
130.717 273.907
119.553 271.211
109.66 266.4
119.696 257.637
132.365 259.47
139.403 260.254
140.132 263.768
132.486 263.674
119.555 261.121
