77.5873 141.216
87.4442 137.3
98.4143 136.774
109.361 138.172
120.975 139.235
158.898 139.776
164.899 138.241
171.097 137.757
177.44 138.581
182.917 141.461
136.506 165.146
138.753 179.388
141.172 193.547
142.91 207.254
124.595 220.732
131.43 221.99
138.861 222.755
143.751 222.224
148.168 220.761
85.9385 166.513
96.0873 160.629
106.222 159.752
112.717 167.241
105.403 169.91
95.479 169.341
153.338 168.888
161.812 160.528
170.63 159.94
176.988 166.639
171.057 170.066
162.284 170.688
108.524 247.348
118.274 242.641
128.069 237.919
138.013 239.17
144.705 238.701
150.168 242.844
153.125 248.901
148.517 255.216
141.462 258.107
133.354 258.833
123.376 258.541
114.599 254.34
129.969 247.038
136.061 247.204
140.582 247.708
140.308 246.983
135.151 246.985
129.613 246.837
