71.258 123.021
76.3289 114.028
85.2336 107.918
96.1798 105.518
107.55 105.999
146.354 101.548
158.131 99.2241
169.653 99.9051
180.827 103.5
189.48 110.669
128.041 131.564
127.926 142.373
127.352 152.713
126.339 163.094
116.627 185.069
122.545 184.537
129.407 184.34
136.622 183.334
143.182 182.727
81.7778 139.767
88.5788 133.648
97.5837 132.972
105.522 138.737
97.3357 141.293
88.8244 141.955
153.353 132.731
161.322 125.811
170.456 125.226
178.835 130.346
170.915 133.998
162.1 134.551
103.433 214.983
111.392 208.232
119.733 200.987
129.681 201.097
141.323 200.155
152.025 205.268
163.749 210.045
154.64 218.078
143.861 222.717
131.481 224.61
120.204 224.384
110.647 221.358
121.656 212.077
130.704 211.279
141.939 209.878
142.279 211.192
131.255 212.41
121.553 213.187
