74.8818 165.149
86.3647 161.144
99.0239 163.491
111.176 166.535
123.259 169.557
163.051 172.297
172.037 169.315
181.092 166.662
190.274 164.225
197.805 167.714
140.786 192.288
140.106 207.155
139.728 221.348
139.421 235.174
118.98 241.359
126.973 244.031
135.673 246.299
143.766 245.309
151.07 243.129
82.66 188.528
93.2699 185.105
104.572 186.091
114.288 192.674
103.65 195.066
92.4486 194.544
157.633 192.776
167.709 187.632
177.678 186.98
186.055 190.433
177.454 195.708
167.385 196.328
106.283 265.263
115.494 262.16
125.556 261.24
135.332 262.972
143.047 260.569
149.749 261.947
153.12 266.086
149.094 277.008
140.942 283.208
129.919 285.759
118.333 283.792
109.674 277.132
124.733 269.109
133.881 270.8
140.968 268.936
140.066 269.542
132.272 271.748
123.644 270.755
