65.3865 121.51
72.4783 112.766
83.3144 108.005
95.8097 107.31
107.964 109.949
154.043 106.255
166.034 101.483
178.232 99.3592
189.91 101.083
199.39 107.074
132.896 134.637
134.231 148.18
135.582 161.448
136.554 174.676
118.743 189.797
126.335 189.535
135.289 189.537
143.704 189.062
151.491 189.098
74.6442 141.271
83.9665 137.483
95.5905 137.275
107.366 140.331
96.9253 141.596
85.3373 141.489
159.373 137.619
167.055 132.161
177.624 131.32
187.592 134.233
178.062 136.417
168.493 137.242
105.627 218.066
115.258 213.856
125.443 210.881
136.382 211.218
148.017 210.332
158.097 212.412
167.676 215.408
158.459 221.371
147.781 225.407
135.72 226.868
124.445 226.644
113.759 223.65
126.106 217.261
136.19 216.765
144.403 216.662
144.694 216.665
135.438 217.722
125.715 217.716
