68.819 164.027
80.7874 157.934
94.5177 156.799
107.67 160.124
120.442 165.388
145.574 165.799
158.246 162.772
171.386 162.02
183.979 165.887
193.255 174.058
132.379 188.289
132.542 202.861
132.945 217.444
133.308 232.412
117.107 242.502
123.861 241.873
130.94 241.803
137.775 242.197
143.977 242.908
80.8059 185.827
90.7807 179.539
102.35 179.375
109.8 188.367
100.024 191.111
89.7386 190.108
151.038 191.456
159.915 183.264
170.534 183.367
179.381 190.754
170.452 194.258
160.625 194.075
102.871 271.448
112.727 266.721
121.541 263.009
131.478 264.086
140.142 262.983
148.438 266.925
156.239 272.733
149.561 279.57
141.058 282.973
131.194 284.025
120.13 282.998
110.458 279.019
121.099 270.345
130.733 271.47
139.399 270.57
139.444 272.607
130.772 272.778
121.168 272.162
