72.3828 149.945
85.0848 147.615
98.3571 149.061
110.98 152.767
122.799 157.185
155.081 159.504
165.001 155.877
175.951 153.102
186.571 152.904
196.055 157.187
137.41 181.408
136.696 197.729
136.264 213.186
135.787 228.695
113.798 230.935
122.299 235.178
131.482 237.914
139.173 236.73
146.358 234.078
87.2982 177.141
95.8675 175.931
103.703 175.94
111.517 178.874
103.558 181.397
95.3642 181
155.244 181.305
162.082 178.094
169.67 177.504
177.68 179.085
170.051 183.259
162.231 183.902
100.919 251.303
110.793 249.582
120.878 248.448
130.615 251.59
137.995 249.438
144.839 251.135
151.199 254.458
144.68 262.671
136.391 267.88
126.39 269.356
115.678 266.879
107.564 260.342
117.569 255.804
129.3 258.316
138.968 256.835
138.267 257.41
128.069 259.17
117.164 256.263
