64.0904 176.673
72.6549 171.2
83.2922 170.356
93.7739 170.673
103.896 171.529
135.979 161.63
146.691 155.598
158.031 149.937
170.497 145.464
182.742 147.481
125.368 183.717
127.679 196.757
129.632 209.474
131.422 221.863
122.531 232.431
128.544 233.388
134.61 233.225
141.442 230.513
147.757 226.837
81.5488 195.377
87.9093 187.091
97.3145 185.035
106.248 189.874
99.1054 195.031
90.0628 196.813
147.688 179.598
153.492 171.268
163.053 169.076
172.798 172.188
166.017 178.639
156.91 181.233
117.285 260.596
122.967 254.123
130.154 249.325
138.934 247.96
148.439 244.724
158.577 245.744
168.767 247.003
163.13 256.805
154.58 264.572
143.812 269.63
133.721 270.221
124.555 267.209
131.25 255.929
140.446 254.134
149.933 251.695
150.292 255.505
141.074 259.088
131.655 260.141
