70.9197 143.65
80.0655 140.547
89.3497 140.963
98.6867 142.422
107.432 147.245
152.583 151.864
163.254 149.183
174.164 148.873
185.199 150.467
194.355 155.262
128.917 176.646
127.988 192.902
127.191 209.217
125.966 225.624
110.487 234.425
118.5 237.695
126.938 239.723
135.534 238.688
143.891 236.252
77.7737 177.171
87.0241 180.003
97.0085 179.234
106.072 177.282
96.8948 179.554
86.9862 179.659
151.22 183.138
161.093 187.961
171.363 189.34
182.487 187.118
171.907 189.336
160.834 187.082
99.3168 255.367
107.604 251.049
116.617 248.551
126.085 250.235
136.121 250.386
144.631 254.44
152.126 260.519
144.818 268.736
135.909 275.001
124.645 276.503
113.716 272.08
106.392 264.951
113.397 255.725
126.242 258.499
138.432 258.392
138.282 261.631
126.226 263.253
113.194 258.723
