73.1417 155.037
81.6342 148.096
93.2954 147.599
104.606 150.134
114.531 155.222
146.725 155.223
157.432 151.373
169.329 148.467
181.054 147.562
189.285 154.621
131.531 170.03
131.756 182.741
132.221 195.446
133.384 208.514
120.343 218.479
126.098 220.04
132.664 220.775
138.575 219.63
143.559 217.246
85.4134 167.659
92.9645 161.932
103.866 162.929
112.244 169.573
102.551 173.488
92.1239 173.627
148.779 169.9
157.197 163.258
168.554 163.248
177.28 169.015
168.5 174.795
157.592 174.682
107.791 247.463
115.424 242.198
123.286 237.892
131.81 238.916
140.51 237.041
147.41 240.949
153.338 246.859
147.957 253.726
140.546 258.809
130.929 260.768
121.702 259.319
113.769 254.637
121.937 244.276
131.637 244.064
141.103 243.941
141.117 249.598
131.821 252.534
122.392 249.964
