75.1854 156.927
83.1671 152.61
92.4683 152.384
101.319 154.326
109.901 157.241
145.682 155.585
155.529 151.544
165.754 148.54
176.12 147.312
184.746 151.727
129.282 182.774
130.425 194.334
131.7 205.514
132.841 216.779
119.555 228.279
126.137 229.172
132.436 229.354
139.468 228.81
146.095 227.227
85.3456 177.649
94.5557 174.207
103.669 174.741
110.499 181.034
102.023 183.8
92.6467 182.914
150.509 178.734
157.369 172.231
166.412 171.259
174.3 174.771
168.123 179.404
159.144 180.738
107.987 252.886
114.999 248.228
123.259 245.733
131.538 246.913
139.77 245.658
148.555 248.123
156.456 251.409
148.933 257.27
140.499 261.95
130.936 264.401
122.248 263.1
114.263 259.059
123.557 251.88
131.533 252.511
139.976 251.506
139.786 254.063
131.189 255.08
122.952 254.496
