73.0728 165.977
81.52 161.158
91.9172 159.228
103.178 160.1
113.539 162.745
150.648 163.568
160.537 159.633
171.192 157.017
181.97 156.38
191.576 159.856
133.454 187.493
134.332 199.899
135.166 212.78
135.915 224.912
124.285 238.08
130.228 238.763
136.894 238.855
142.63 238.13
148.051 236.757
86.2806 189.73
92.8183 184.152
101.696 183.787
108.998 188.276
101.735 190.677
93.9713 191.121
157.168 186.673
163.428 181.126
171.776 180.713
179.163 184.497
172.175 187.588
164.34 188.273
113.792 265.97
119.733 258.456
127.543 253.328
137.303 253.958
146.305 252.107
155.045 255.765
163.072 261.953
156.908 269.387
148.438 273.557
138.816 275.362
128.555 275.197
119.757 272.195
127.547 262.794
137.62 262.297
147.386 261.529
147.634 262.738
137.481 263.697
127.467 263.735
