46.1207 168.761
62.1592 157.963
82.147 153.387
102.627 153.941
123.186 157.878
153.087 160.861
159.075 155.62
166.534 151.829
174.316 149.495
182.63 150.694
143.616 186.058
151.652 200.537
160.147 214.498
169.008 229.131
135.327 257.657
146.81 258.565
158.037 258.488
166.558 255.565
173.237 251.582
70.9054 194.524
83.3577 184.165
96.8173 181.842
106.264 192.42
95.4951 196.76
83.1351 197.202
150.404 188.509
159.158 177.825
169.663 175.292
177.062 185.264
170.882 190.118
161.066 190.701
114.35 294.184
129.811 285.854
145.247 278.699
161.964 277.344
168.927 275.071
175.221 278.41
176.68 286.093
174.964 292.381
169.314 297.685
161.559 301.077
146.125 301.158
130.14 299.772
144.613 287.922
161.595 287.165
167.695 285.979
167.089 287.261
160.846 287.966
144.714 290.487
