77.2176 142.668
85.5175 133.217
98.2574 129.236
111.598 129.309
124.1 132.431
166.045 131.057
178.251 127.697
191.279 127.689
203.417 132.035
211.8 140.854
145.552 163.82
145.569 177.093
145.961 190.113
146.723 203.305
128.422 221.496
136.974 222.922
145.993 223.58
154.303 222.7
161.107 221.037
94.5135 167.442
103.108 161.202
113.153 161.747
121.375 167.643
112.415 171.304
103.005 171.783
171.167 168.781
179.193 162.37
189.384 162.194
198.22 168.041
189.416 172.316
179.588 171.876
113.219 252.699
123.499 245.018
134.65 238.834
146.688 241.483
157.765 238.713
167.341 245.267
175.354 254.129
166.074 259.899
155.631 263.161
145.341 263.856
133.963 262.353
122.873 258.605
132.139 248.97
145.966 250.54
158.176 249.718
157.765 250.41
145.88 250.715
132.146 249.697
