78.6884 131.116
85.5886 128.351
92.8703 127.904
100.324 129.26
107.282 131.321
151.511 128.13
157.588 124.562
164.997 121.975
172.753 121.614
180.322 125.06
130.261 155.441
130.38 168.527
130.745 180.945
131.072 193.746
117.439 202.885
124.607 202.893
131.298 203.051
138.709 202.693
146.426 202.733
88.8142 158.267
94.8031 153.51
102.967 153.383
109.417 158.375
102.611 162.123
95.2129 162.451
151.414 155.304
156.691 149.609
164.167 149.596
171.735 153.386
165.567 158.7
157.985 159.33
106.234 224.106
114.688 224.71
122.877 223.664
131.555 224.583
140.936 223.352
150.195 223.455
158.653 222.609
151.589 228.28
142.493 231.748
131.918 232.363
122.368 232.143
113.761 228.972
121.433 227.636
131.757 227.309
143.427 226.494
143.504 227.473
131.845 228.597
121.779 228.209
