69.5087 150.858
78.8712 145.995
89.7014 145.866
100.13 147.727
110.093 151.104
150.887 155.802
162.318 153.018
174.216 152.461
186.066 154.164
194.344 160.989
129.66 178.692
128.336 192.584
127.053 206.641
125.672 220.322
111.546 231.887
117.949 234.087
125.273 235.497
132.388 235.248
138.654 234.26
82.3482 176.778
91.4347 169.901
102.354 170.984
109.577 179.945
100.311 182.308
90.074 181.332
150.124 182.237
158.713 173.921
170.013 173.554
178.979 182.046
170.438 185.856
159.484 185.976
93.8931 253.922
104.238 252.993
114.235 251.719
124.472 253.888
134.502 253.974
144.185 257.033
154.184 260.663
145.385 269.832
134.809 277.022
122.292 279.008
109.416 275.512
99.9797 266.32
111.31 258.178
124.365 259.719
135.896 261.11
135.568 265.648
122.834 268.377
109.226 263.878
