69.4844 167.763
78.562 158.638
91.3983 155.756
104.158 157.514
116.526 161.05
154.826 161.271
166.331 156.502
178.403 154.171
190.101 156.324
197.933 165.786
138.406 184.195
139.393 198.496
140.392 212.505
141.026 227.013
123.813 238.103
131.636 239.664
139.75 240.851
147.082 239.263
153.992 237.198
85.0766 185.305
94.4947 178.195
104.734 178.487
112.532 186.487
103.088 189.121
92.8914 188.991
157.353 185.722
164.665 177.709
174.813 176.676
183.958 183.402
176.628 187.195
167.05 187.799
104.599 267.492
114.042 259.977
125.317 256.38
137.06 256.859
148.598 254.987
159.501 257.226
166.992 263.823
161.347 274.367
151.414 280.439
138.291 282.839
124.654 281.753
112.847 276.864
123.344 263.486
136.85 263.467
150.661 262.153
152.315 272.286
137.601 273.802
122.116 274.154
