68.1568 152.925
77.3505 147.46
88.1641 147.416
98.7456 148.955
108.718 152.274
148.864 156.936
160.278 154.117
172.15 153.771
184.121 155.183
192.939 162.579
127.912 180.263
126.372 193.803
124.834 207.513
123.498 221
109.765 233.348
115.623 235.407
122.713 236.724
130.25 236.562
136.808 235.468
80.5761 177.609
89.4598 171.052
100.366 171.656
107.559 180.578
98.3089 183.677
87.8834 182.702
148.957 183.243
157.7 175.395
168.692 175.259
177.555 183.299
168.965 187.797
158.081 187.693
93.204 256.648
102.724 255.093
112.097 253.537
121.901 255.309
132.336 255.233
142.477 258.048
152.103 262.894
143.827 272.469
133.065 279.862
120.173 281.781
107.456 278.663
98.3147 269.153
110.109 259.795
122.004 261.125
133.968 262.216
133.436 268.506
120.436 271.26
108.126 266.854
