73.8821 113.44
79.8276 105.914
88.684 101.205
98.9294 99.7717
109.313 101.113
152.877 100.748
164.42 97.8996
176.291 97.3475
187.254 101.151
195.756 108.6
132.044 126.112
131.831 138.34
131.596 150.544
131.308 162.835
116.541 174.692
124.061 177.575
132.678 178.896
141.412 177.188
149.145 173.939
89.7215 131.787
96.5405 127.545
105.007 126.632
112.936 129.829
105.545 130.897
97.5236 131.44
155.673 128.201
163.263 123.976
171.859 124.309
179.719 128.453
172.002 128.773
163.697 128.868
109.139 203.292
115.986 197.717
124.538 195.187
133.442 195.818
144.04 194.093
154.996 195.313
165.023 199.412
156.028 206.013
145.45 209.714
134.41 210.928
125.387 211.012
116.562 208.546
123.339 201.848
133.703 201.886
146.838 200.547
147.067 201.534
133.841 203.178
123.374 202.936
