70.5353 166.817
77.9749 160.139
88.5264 157.989
99.4283 159.106
109.565 162.93
145.184 162.314
157.611 157.894
170.933 155.798
184.332 158.157
195.311 165.001
129.595 182.473
130.059 196.631
129.865 210.927
129.757 225.287
116.908 235.591
123.59 238.299
131.523 239.259
140.492 237.128
148.63 233.412
84.1876 187.117
92.0138 179.819
102.286 180.729
111.343 187.803
101.933 190.736
92.1541 190.805
152.52 185.645
159.994 177.828
170.911 177.427
180.771 183.706
171.946 187.66
161.539 188.12
109.456 262.906
116.208 256.736
124.386 253.301
133.297 253.94
144.275 251.186
155.357 252.829
166.301 257.653
158.671 267.728
148.556 275.839
136.37 279.943
124.814 279.136
115.236 272.483
123.414 260.297
134.16 259.247
148.229 257.575
149.443 263.192
135.681 267.962
124.162 266.062
