34.2895 156.487
48.9969 149.235
66.1103 147.481
82.9745 148.399
99.2985 152.259
144.743 154.294
157.126 153.482
168.18 153.704
179.27 156.647
187.912 162.745
121.718 176.557
123.511 190.889
125.731 204.153
127.76 217.843
98.3776 234.929
111.984 236.072
126.044 236.028
136.638 235.545
146.552 234.572
53.2438 177.863
66.4632 172.003
79.2636 171.885
89.3617 179.351
77.4316 180.505
65.4548 179.957
143.195 182.114
154.304 175.779
166.068 176.48
176.345 183.583
165.687 185.441
154.357 184.428
69.2418 265.029
87.3503 257.134
106.751 252.402
125.911 252.759
141.264 251.118
155.34 253.953
164.395 262.006
156.386 276.286
142.84 285.156
125.296 287.696
102.996 286.413
83.1529 278.376
100.606 261.442
125.475 260.615
143.899 260.243
143.807 273.152
124.841 275.732
99.8335 275.095
