70.3495 169.312
78.5626 162.65
89.3286 160.454
99.9941 161.267
109.408 164.545
153.264 160.871
162.88 157.358
173.327 155.993
183.714 158.258
190.981 166.19
132.003 185.376
132.229 197.99
132.635 210.527
133.4 223.096
115.429 234.028
123.821 235.02
132.913 235.638
141.599 234.325
149.547 233.025
84.0532 188.296
90.9709 183.695
99.652 183.7
107.2 187.695
99.2552 188.338
91.2287 188.673
157.513 184.915
164.106 180.784
172.19 180.588
179.659 184.898
172.437 185.125
164.838 185.408
107.486 258.81
114.429 251.807
123.31 248.692
132.523 249.564
142.995 248.59
153.178 250.608
161.774 255.242
153.412 261.3
144.059 265.473
134.164 266.745
124.993 266.68
115.525 263.869
122.998 256.387
133.215 256.525
145.219 255.302
145.05 257.082
132.99 257.942
122.747 258.567
