65.712 142.349
77.7942 132.424
93.743 130.304
109.67 134.271
124.839 141.601
165.438 142.832
179.421 136.643
193.958 134.721
209.031 137.094
221.495 144.455
145.192 170.532
145.492 186.686
146.023 202.802
146.057 219.334
126.946 231.994
135.14 233.126
144.294 233.874
152.849 233.943
160.746 233.453
84.4435 167.778
95.9348 160.467
109.982 162.314
119.924 174.169
106.815 175.344
94.3479 174.122
170.953 173.248
180.524 164.824
194.077 163.909
205.484 172.108
195.135 177.308
182.383 177.089
104.412 259.077
117.487 257.623
130.207 255.391
143.484 257.029
156.93 256.27
169.71 259.487
182.975 260.559
171.906 270.998
157.934 276.982
142.291 278.189
127.183 276.616
114.215 269.572
128.219 264.048
143.249 265.033
158.801 264.722
158.375 264.572
142.715 265.494
128.197 264.048
