79.3645 130.095
86.1166 121.368
96.6066 116.511
107.935 116.794
119.089 120.625
164.031 119.947
177.592 114.914
192.071 113.899
206.111 118.982
216.733 128.606
139.812 155.794
138.599 172.19
138.029 188.686
137.086 203.91
125.329 216.977
133.37 218.148
141.723 218.311
151.936 217.3
160.971 215.026
92.4167 158.531
100.629 153.143
110.282 152.85
119.428 158.887
110.463 160.931
100.756 161.299
168.105 157.241
176.811 151.915
186.263 151.811
195.55 156.594
186.648 159.8
177.053 159.993
120.605 248.855
128.519 243.297
136.934 239.787
145.743 240.973
155.434 239.579
163.927 242.664
170.717 247.336
163.727 253.372
155.585 257.801
145.36 259.15
135.84 258.815
127.485 255.093
137.786 248.174
145.467 248.189
153.139 247.488
152.273 247.248
144.612 248.923
136.864 248.211
