66.5352 161.31
76.2942 155.59
88.5219 153.261
100.612 154.315
112.439 157.748
148.734 158.467
161.427 154.118
175.354 152.82
188.888 155.55
200.321 163.076
131.058 179.373
131.105 194.306
131.12 209.413
130.952 223.663
113.959 234.562
122.826 237.155
132.562 238.57
141.185 237.365
149.584 235.251
81.166 182.009
90.2574 176.538
100.696 176.154
109.244 182.999
100.153 185.853
90.0935 185.747
156.621 183.695
165.027 177.809
174.965 177.502
184.539 183.42
175.441 186.85
165.716 186.427
103.506 262.737
112.526 257.324
122.035 253.221
133.046 254.979
144.239 253.367
154.177 257.968
164.005 262.069
154.602 269.716
144.042 274.28
131.628 275.707
120.808 273.861
111.443 269.255
119.328 262.061
132.22 262.74
146.3 262.182
145.505 263.92
131.464 265.14
119.228 263.631
