81.7099 165.667
91.6382 159.616
103.791 157.801
115.449 159.133
126.577 163.009
191.421 163.019
203.132 159.316
215.167 157.375
227.355 159.131
237.207 166.108
159.88 199.841
159.509 217.802
159.214 235.519
158.972 253.391
138.139 260.999
148.211 264.305
158.45 265.95
169.913 264.635
180.502 261.381
97.7479 194.917
108.44 188.919
120.051 189.319
129.423 197.543
119.064 200.703
107.327 199.304
188.718 198.584
198.213 189.589
210.648 188.216
221.729 194.209
212.008 198.907
199.837 200.396
122.344 288.769
135.585 283.756
148.42 281.384
161.832 281.787
176.727 280.576
190.282 282.435
202.89 285.928
193.781 301.296
180.894 313.386
162.82 316.893
145.677 313.58
132.143 302.522
145.835 290.552
162.154 290.253
178.998 289.947
180.497 297.257
162.613 301.471
145.182 298.135
