77.7893 169.441
83.8196 165.138
90.4744 163.269
97.0323 162.761
104.463 163.258
152.437 157.589
160.23 155.75
167.917 155.347
174.895 157.579
180.965 162.921
131.105 186.562
132.302 197.253
133.734 208.198
135.243 219.065
121.73 230.632
127.803 230.807
134.479 230.923
141.185 229.804
146.972 228.191
85.9715 188.291
93.4188 183.363
102.142 182.582
110.336 188.059
102.31 190.622
94.1026 190.923
150.314 184.665
157.172 178.208
165.617 178.06
173.57 181.966
166.505 185.761
158.397 186.267
112.326 257.38
119.518 253.039
127.054 250.388
135.206 250.966
143.324 249.361
150.838 251.236
157.844 254.504
152.211 260.088
145.209 264.36
136.253 266.761
127.057 265.398
119.047 261.931
126.666 256.314
135.387 256.853
143.789 255.229
143.954 256.059
135.282 258.302
126.221 257.398
