73.289 150.209
82.1383 144.141
93.1514 142.413
103.682 142.764
114.841 142.122
168.343 138.243
180.489 137.91
191.647 136.041
203.313 136.473
213.319 141.519
142.611 172.894
142.792 185.041
143.222 196.769
143.748 208.615
131.746 220.541
137.932 220.5
145.33 220.555
153.358 219.541
161.069 218.914
89.5198 172.913
99.1091 166.102
109.76 165.521
119.563 172.048
110.028 175.287
99.3155 175.47
170.897 168
179.518 160.211
190.553 159.565
200.084 165.792
191.534 169.755
180.41 170.349
121.705 249.914
128.945 243.355
136.87 237.754
146.552 238.074
156.303 236.592
165.497 241.418
173.805 247.862
166.49 253.703
157.507 256.381
148.019 257.493
138.196 257.467
128.795 255.122
139.393 245.789
147.235 245.499
155.827 245.005
155.609 246.188
147.263 247.158
139.288 246.819
