77.0723 175.548
85.0493 168.516
96.0742 166.289
107.386 167.689
118.325 171.092
152.414 169.435
161.759 166.372
170.985 164.361
180.458 164.514
187.862 168.26
135.43 197.565
136.241 209.42
136.656 221.493
136.817 233.367
120.161 243.221
126.984 245.541
135.072 246.645
143.512 245.639
149.896 243.474
87.2144 195.28
95.1322 190.039
104.26 189.797
111.646 195.997
103.451 198.573
94.5083 198.483
154.527 194.161
162.422 188.424
171.348 188.012
178.762 192.522
171.459 196.446
162.59 196.871
106.177 267.807
114.13 264.068
123.644 261.793
133.756 263.125
143.628 261.696
151.924 263.691
159.017 267.05
153.34 276.839
144.377 283.097
133.23 285.059
121.684 283.867
112.143 277.568
125.367 268.174
133.323 269.593
142.277 268.328
142.442 274.623
133.233 276.792
124.732 274.622
