76.2738 129.239
85.2676 122.687
97.0173 121.788
108.683 123.67
119.738 127.707
165.43 129.996
174.872 125.681
185.613 123.962
195.963 124.729
204.8 129.773
144.278 151.464
145.079 167.127
146.061 181.869
146.897 196.938
127.355 210.673
135.866 213.574
145.419 215.148
154.52 213.59
162.528 210.761
88.8674 150.644
97.974 144.135
109.142 145.033
118.358 153.566
107.569 155.134
97.5441 155.149
165.083 153.597
174.449 145.978
185.022 144.563
193.888 151.39
185.484 155.732
175.541 155.756
113.639 240.77
123.177 234.458
133.898 231.142
144.452 232.602
154.768 231.272
165.346 234.444
174.014 240.382
167.156 249.064
156.823 254.71
144.518 255.615
132.012 254.757
121.063 249.533
132.783 241.193
144.38 243.283
156.031 241.283
157.14 242.388
144.64 243.09
132.125 242.43
