59.1929 157.514
68.4317 150.304
80.111 147.547
92.4005 146.035
104.288 147.31
144.996 143.585
156.81 138.764
169.393 136.316
182.171 135.124
193.698 139.307
127.888 168.007
129.516 183.159
131.206 198.74
132.723 213.953
118.062 225.298
125.895 227.403
134.731 227.491
144.09 224.912
152.999 221.169
75.9673 175.76
84.9296 168.738
95.3875 167.636
105.386 172.169
96.6433 176.042
85.7279 177.721
155.192 165.884
163.336 158.969
173.841 157.562
183.457 163.147
174.724 167.016
164.501 167.949
105.4 252.181
115.199 247.066
126.169 242.501
137.598 243.284
149.497 239.651
161.741 240.567
173.494 242.314
164.04 252.001
152.815 259.517
139.84 262.725
127.22 263.58
115.616 259.898
125.588 251.028
138.17 251.087
151.99 247.205
151.986 248.484
138.234 251.873
125.389 252.19
