83.9776 144.434
92.4397 136.293
103.249 132.26
114.958 133.263
126.066 136.215
183.717 132.318
195.413 128.871
207.632 128.835
218.184 133.848
224.723 143.049
155.844 174.006
155.65 187.356
155.56 200.293
155.296 213.227
138.763 228.472
146.28 229.64
153.997 230.045
161.932 229.764
169.417 228.869
98.6732 173.182
107.041 167.077
117.978 167.175
126.605 173.968
117.588 177.36
107.463 177.68
182.063 172.134
189.986 164.583
200.433 164.339
209.212 171.088
200.835 175.594
191.025 175.558
122.303 263.909
132.221 256.938
142.604 252.677
153.793 254.319
166.18 252.714
177.333 256.608
187.059 262.783
177.881 270.397
166.148 274.78
153.502 275.825
141.472 275.299
130.208 271.209
141.061 263.378
153.504 263.249
167.658 263.424
167.79 263.407
153.55 262.952
140.517 263.381
