69.3688 180.291
77.2182 169.201
89.5848 163.105
103.129 161.006
116.982 162.164
159.625 157.842
170.266 154.558
180.535 154.045
189.255 157.513
195.001 166.569
141.058 183.188
144.648 197.232
148.496 211.009
152.093 224.571
128.858 235.811
139.872 238.769
150.94 239.804
159.914 237.394
166.445 233.336
89.2195 193.733
96.8725 187.441
106.881 185.884
114.829 191.632
107.952 194.075
98.6693 194.725
159.491 187.093
166.74 179.701
176.022 179.363
182.289 185.617
176.056 186.918
168.005 187.759
100.409 264.623
115.282 259.114
130.78 255.879
147.348 256.185
160.395 253.313
171.9 253.126
179.66 256.19
174.357 273.015
165.34 286.017
148.824 292.052
128.659 289.695
112.294 280.074
125.596 262.512
147.357 263.359
163.644 259.761
165.077 275.111
147.353 282.644
124.08 278.56
