64.589 167.068
73.7187 159.718
86.1815 156.287
98.4988 157.216
110.151 160.964
151.542 166.941
162.722 165.7
173.86 166.849
184.72 171.009
192.532 179.137
130.481 188.215
130.241 200.807
129.991 213.023
129.694 224.881
110.662 232.766
119.365 235.459
129.295 237.026
138.511 236.705
146.978 235.11
81.4104 186.1
90.598 182.95
100.787 183.815
107.628 189.993
98.6959 190.515
89.937 189.306
150.362 193.229
159.257 189.048
169.438 189.836
177.854 194.92
169.085 196.312
159.433 196.052
93.8732 252.847
103.711 247.73
115.879 245.576
128.872 247.494
140.296 247.604
151.237 251.232
159.407 257.278
152.322 268.156
141.714 277.024
127.349 279.063
111.49 275.081
100.174 265.24
112.611 252.764
128.435 253.93
143.884 254.887
144.791 267.094
127.677 271.107
110.51 265.805
