64.9031 164.092
74.3486 157.818
86.3144 156.791
98.3329 157.061
109.849 159.547
148.168 160.015
159.453 157.349
171.02 156.447
182.895 156.199
192.453 161.584
131.655 182.746
132.111 196.874
132.698 210.651
133.651 223.907
116.085 231.036
123.925 233.68
132.053 234.663
140.869 233.16
148.427 230.041
79.7081 181.077
88.3055 176.142
97.8908 176.663
105.391 182.547
97.175 183.24
88.2737 183.057
152.103 182.724
159.649 176.919
169.537 176.081
178.051 181.27
169.709 183.275
160.481 184.066
100.501 256.012
110.77 251.669
121.716 249.23
133.447 250.186
143.42 248.364
152.874 250.162
161.181 253.823
153.435 260.222
144.238 263.72
134.025 265.001
122.046 265.055
110.142 262.584
119.528 255.197
133.285 256.031
144.855 254.717
144.524 255.816
132.815 256.402
119.043 256.394
