70.4939 154
80.716 145.371
94.6253 141.721
108.868 144.412
121.99 149.163
153.124 151.296
164.947 146.445
177.519 144.046
189.7 147.001
197.911 155.824
137.377 168.369
137.715 182.063
138.141 195.615
138.207 209.386
120.685 218.94
128.771 221.3
137.156 222.358
144.27 221.417
151.137 218.814
87.4532 169.701
96.8935 163.605
107.355 164.285
115.834 171.171
106.149 173.208
96.384 173.164
154.205 172.031
163.52 165.996
174.175 166.088
182.566 172.894
173.684 175.499
163.496 175.078
99.4327 241.316
111.725 238.247
123.494 235.775
135.707 238.026
146.24 235.465
156.495 237.783
165.891 242.143
159.694 254.572
148.911 262.198
135.324 263.906
120.235 262.024
107.471 253.911
118.621 243.568
135.5 245
150.046 243.461
150.912 250.525
135.316 252.815
117.508 250.467
