66.9169 147.939
77.5782 141.706
90.6273 141.397
103.285 145.379
115.255 150.59
155.115 150.047
164.556 145.157
174.988 141.867
185.606 141.794
194.757 146.265
134.401 175.542
134.597 191.614
134.849 207.135
135.197 223.3
117.075 234.372
124.73 236.071
133.605 236.826
141.104 236.232
148.288 235.398
76.8234 176.175
87.766 171.909
99.0071 172.705
106.235 179.612
96.9336 182.443
86.1916 181.32
156.001 179.008
165.178 173.35
176.1 173.1
184.432 177.109
175.756 181.887
164.965 182.048
104.376 268.753
112.476 261.524
122.097 256.905
132.398 258.124
142.86 256.89
152.183 262.003
159.129 268.055
153.275 276.474
143.842 282.319
133.483 283.536
122.349 282.692
112.58 276.686
120.778 266.621
132.517 267.302
144.556 266.983
144.219 266.763
133.037 267.628
121.259 266.724
