85.4512 121.574
93.5682 113.726
104.743 110.772
116.701 112.123
128.104 115.69
166.646 120.21
177.16 118.362
188.344 118.708
198.654 122.045
207.563 128.964
146.088 151.247
145.55 163.343
145.342 174.724
145.035 186.445
129.155 196.847
136.913 198.557
145.446 199.072
153.194 198.466
160.674 196.671
96.2172 149.805
103.943 144.943
112.913 145.786
119.992 151.256
112.142 153.929
103.397 153.828
170.486 153.064
177.253 146.944
186.571 146.641
194.313 151.882
186.801 155.617
178.333 156.014
116.573 222.616
124.44 215.454
134.56 211.325
145.871 211.335
157.035 211.465
166.716 215.743
175.629 222.298
169.445 233.037
159.348 241.355
147.159 243.335
134.194 241.455
124.154 232.903
132.365 219.424
146.271 217.808
159.647 219.215
160.43 227.444
146.693 230.094
132.677 227.103
