73.9771 162.393
82.5168 157.433
91.8841 155.417
101.589 155.116
110.299 157.267
150.395 159.224
161.039 157.447
172.338 157.533
182.753 161.371
191.524 168.913
129.623 188.086
128.839 199.628
127.993 210.59
126.907 222.056
114.623 230.923
121.144 232.747
128.24 233.716
136.101 232.316
143.294 230.742
81.9598 185.673
89.8281 181.641
98.6105 182.096
105.202 186.585
97.4401 186.315
89.9672 186.273
154.944 187.129
163.002 183.003
172.839 183.661
179.564 187.907
171.961 187.933
163.023 187.909
99.637 256.761
105.317 248.859
116.303 245.722
128.47 246.476
142.28 245.322
155.458 248.445
164.214 255.844
156.134 269.458
144.606 279.678
128.871 282.857
114.754 280.54
105.336 270.551
114.452 253.941
129.061 253.625
146.876 252.764
148.09 269.77
128.546 274.865
112.262 272.15
