86.1058 159.137
96.4637 156.134
107.443 158.589
117.247 163.04
125.792 168.627
157.997 179.509
167.098 180.106
176.017 181.907
184.743 184.742
192.217 190.095
137.633 189.754
132.906 205.121
128.416 220.195
123.769 235.032
103.637 232.95
110.573 239.253
119.333 243.816
128.168 244.663
136.214 243.483
90.8469 175.425
100.351 174.341
109.221 176.673
116.167 182.908
107.389 181.791
98.6445 179.262
154.973 195.64
164.363 194.908
172.974 198.25
179.7 204.301
171.187 203.332
162.758 199.749
82.1366 242.147
92.4229 243.811
103.732 249.804
115.277 255.318
125.571 256.882
136.174 257.73
143.222 261.279
133.268 271.413
121.104 277.265
106.268 276.339
93.3678 268.621
86.0687 256.322
100.309 253.901
112.78 260.962
125.158 261.517
123.927 268.1
109.721 268.367
96.822 259.356
