68.7944 152.403
78.1122 145.859
89.8771 144.12
102.041 144.666
113.653 147.446
144.353 144.481
156.219 139.192
168.758 135.365
182.152 134.33
193.741 139.407
130.438 164.85
130.996 178.251
131.252 191.945
131.372 205.085
121.565 216.825
126.752 217.805
132.754 217.802
139.865 216.474
146.547 214.507
84.9088 171.917
92.683 164.533
102.994 163.608
110.834 169.737
102.883 173.947
93.3385 174.719
152.397 164.88
160.305 157.54
171.007 156.707
179.911 162.545
171.831 166.949
161.666 167.971
110.256 244.343
117.653 238.652
126.253 234.068
135.725 234.874
145.353 231.936
154.501 234.611
162.677 239.286
155.816 246.561
147.457 251.565
137.458 253.451
127.283 253.408
117.592 250.646
125.744 242.698
136.58 242.401
147.758 240.268
147.911 241.352
136.274 243.91
125.498 243.603
