65.9251 171.93
76.8379 165.78
89.3438 162.224
103.257 162.774
116.695 164.485
149.713 163.44
158.628 159.146
168.274 156.068
178.38 156.046
187.529 160.177
134.031 185.387
136.92 198.652
140.198 211.109
142.982 223.745
124.037 238.495
131.767 238.11
140.076 237.916
145.708 236.505
150.275 235.348
79.5452 188.994
88.1547 184.288
97.7523 183.758
107.031 188.433
98.5724 192.29
88.7187 192.44
151.001 185.071
158.695 179.321
167.549 178.507
176.728 182.749
168.485 186.747
159.255 187.806
108.527 265.962
118.712 262.979
128.98 259.793
139.743 259.488
146.802 257.278
153.898 258.72
161.256 260.453
154.963 268.032
146.791 273.74
137.547 275.051
126.358 274.18
117.42 270.74
128.059 265.588
139.678 265.063
147.437 263.735
147.261 265.181
138.997 266.139
127.538 266.902
