67.9753 117.527
74.0952 109.918
83.7814 107.22
93.8142 107.232
104.642 107.806
151.838 106.695
162.942 106.253
172.92 105.655
182.399 108.368
187.975 116.841
129.162 135.835
129.268 145.594
129.704 155.173
130.155 164.633
115.342 179.457
121.233 180.157
128.46 180.49
135.523 180.064
141.341 179.651
82.6983 137.855
90.5707 130.923
98.6745 130.521
106.178 135.87
99.0659 138.55
90.7836 139.026
148.841 135.313
156.624 129.563
165.164 129.887
172.491 136.484
164.459 137.877
156.011 137.648
100.075 208.448
109.038 201.459
118.492 196.418
128.219 198.637
137.421 195.997
146.543 200.323
154.882 206.615
148.258 214.292
139.451 218.213
129.078 219.981
117.66 219.319
108.142 215.486
119.724 206.969
128.713 206.834
137.152 205.693
137.564 207.438
128.71 208.442
119.392 208.143
