64.4231 179.093
72.6533 172.96
82.71 170.156
93.6892 169.586
104.921 170.606
141.684 164.471
150.005 159.019
158.875 155.293
167.535 153.738
176.42 154.273
126.322 182.395
129.594 194.964
132.806 207.391
135.419 219.653
121.53 232.686
129.583 232.715
137.465 231.83
145.195 229.122
152.11 225.37
78.5605 192.778
86.2637 189.285
94.5975 187.472
103.394 187.176
95.1302 188.736
86.7197 190.956
149.09 178.814
156.396 175.141
164.553 174.013
172.944 173.939
164.93 175.407
157.074 176.922
116.001 262.331
122.288 254.796
130.932 249.242
141.035 247.32
150.031 244.377
158.878 246.298
164.505 252.16
160.069 259.516
153.845 265.257
145.13 269.058
134.641 270.01
124.695 267.174
131.284 257.437
142.545 255.421
151.824 252.53
152.211 254.044
142.775 257.431
131.639 258.547
