63.3241 165.729
71.7441 160.648
82.5494 160.187
93.0833 161.163
103.861 161.987
150.936 164.102
161.994 161.443
173.711 160.188
185.738 160.513
196.184 165.608
129.706 187.716
130.178 203.185
130.354 218.493
130.764 233.445
113.901 243.248
122.29 246.184
131.266 247.178
140.133 245.83
148.143 243.619
76.6583 187.912
85.0994 181.729
96.2918 182.409
104.924 189.863
95.6647 192.537
84.6686 192.234
152.474 189.493
160.673 181.576
171.97 180.715
181.966 186.042
173.043 190.986
162.089 191.759
98.4505 261.294
109.525 260.562
120.848 261.189
131.528 262.401
142.841 260.731
154.885 259.608
166.094 260.632
156.993 270.321
145.827 275.634
132.366 277.734
118.715 276.219
107.424 270.668
119.752 265.489
131.296 267.506
144.217 264.983
144.757 267.401
131.615 269.499
119.511 267.868
