76.4552 165.285
86.3034 160.474
97.4402 159.712
108.843 161.017
120.094 163.62
152.06 167.814
163.014 164.246
174.014 162.134
185.034 162.795
194.904 167.029
134.665 188.982
134.876 201.146
135.684 212.814
136.528 224.564
126.162 237.337
131.693 237.599
136.575 237.641
141.538 237.189
146.525 236.666
90.6675 190.069
98.8922 184.897
108.822 185.538
116.069 193.353
107.687 195.013
98.7234 194.318
156.24 192.654
163.347 186.464
172.311 185.82
180.18 191.016
172.493 194.544
164.035 195.082
111.991 267.631
119.269 262.715
127.791 258.781
136.747 259.578
146.211 258.686
154.518 263.196
161.434 270.092
154.903 276.829
146.807 281.78
135.959 282.707
125.598 280.81
117.499 275.607
130.815 266.348
136.864 266.2
142.537 266.669
142.552 271.934
136.342 272.515
130.214 270.872
