63.6682 166.864
74.3977 160.645
87.3654 159.498
100.354 161.276
112.849 165.143
146.094 163.389
157.943 158.931
170.454 156.793
182.319 158.85
192.394 164.733
129.998 184.04
130.255 197.861
130.458 211.578
130.702 225.314
117.238 234.471
124.09 237.208
131.243 238.272
138.809 236.753
146.097 233.454
81.4258 187.426
90.5047 182.078
100.851 181.745
109.524 187.387
100.418 190.75
91.0437 191.051
149.915 186.458
158.235 179.718
168.858 179.262
177.667 184.048
168.874 188.853
159.252 188.878
107.947 260.642
115.184 255.802
122.8 252.323
131.109 253.315
139.377 251.986
147.294 255.667
154.563 259.93
147.562 264.777
140.528 267.332
132.735 268.73
123.873 267.693
115.152 265.227
121.123 258.427
131.544 259.556
141.644 258.396
141.966 259.544
131.995 260.81
121.506 259.718
