75.9167 133.186
86.1457 126.796
98.3808 125.507
110.761 126.752
122.021 130.45
155.229 127.852
166.177 124.483
177.484 122.491
188.807 122.426
198.212 126.948
137.19 150.804
138.014 164.17
138.867 177.601
139.858 190.964
126.508 208.745
133.367 209.897
141.186 210.28
148.747 208.891
154.819 206.364
86.1953 153.355
95.4926 145.805
107.429 146.244
116.154 154.826
106.063 157.637
94.681 157.384
159.909 153.29
168.107 144.638
179.372 143.617
189.688 149.615
181.072 154.957
170.299 155.566
114.116 237.654
122.51 232.57
132.227 229.272
142.728 230.279
152.693 228.148
161.984 230.33
171.291 234.024
163.663 241.558
153.413 246.715
141.969 248.568
131.159 247.718
121.617 243.893
131.901 237.042
142.221 237.232
153.969 235.645
154.211 236.914
142.09 238.924
131.68 238.705
