65.5246 169.591
73.8967 164.448
84.037 165.472
94.1276 167.827
104.187 170.403
145.914 169.126
157.383 166.204
168.805 164.633
180.189 164.631
190.171 168.972
126.707 189
127.276 204.746
127.771 219.964
128.139 235.141
108.037 235.903
117.727 241.204
128.859 243.201
140.536 241.001
150.922 234.881
79.1749 189.267
87.9163 191.4
96.2846 191.674
103.951 190.363
95.9572 192.08
87.5187 192.276
151.984 189.962
160.604 191.424
169.799 190.84
178.241 188.474
169.607 190.844
160.32 191.892
102.285 252.211
111.708 252.786
120.935 252.852
130.487 253.597
141.295 251.804
152.27 250.72
163.318 249.865
154.844 259.533
144.964 267.358
131.809 271.001
119.485 269.144
110.312 262.036
119.296 257.66
131.144 258.687
144.742 255.965
144.843 257.397
130.923 260.64
118.427 258.772
