72.6522 93.9873
83.8136 87.4453
97.6153 87.9408
110.321 91.6633
122.884 95.9787
170.477 107.107
178.922 108.688
186.696 110.733
194.082 114.87
197.849 123.052
142.904 138.61
143.675 152.885
144.552 166.995
145.194 180.809
118.561 192.055
126.68 195.663
135.115 198.379
141.861 198.61
148.078 196.854
90.7955 123.855
101.076 121.583
110.009 123.225
113.941 131.35
106.148 133.348
97.4719 130.306
160.377 141.626
168.671 136.899
177.502 138.345
182.999 144.977
175.812 148.677
167.548 146.876
93.506 218.162
107.186 215.198
119.604 213.034
130.664 217.694
138.179 217.176
144.485 221.508
147.606 227.017
140.85 232.6
132.957 236.162
125.073 235.681
113.317 232.28
102.85 225.936
115.397 221.025
128.377 223.844
137.019 225.362
136.605 225.49
127.388 224.18
114.519 221.374
