82.4235 155.489
92.1092 146.48
104.92 142.105
118.034 143.444
130.823 147.733
172.471 146.358
185.088 140.868
198.369 138.88
210.96 143.675
219.817 152.385
151.785 178.798
152.298 193.245
152.753 208.019
153.282 222.124
134.388 234.756
143.492 237.237
153.428 238.337
162.603 237.272
171.057 234.634
97.7279 180.675
107.642 175.289
118.441 175.54
127.201 182.566
117.15 185.366
106.767 184.974
176.049 181.743
184.2 174.612
194.716 174.192
204.695 179.096
196.118 183.874
185.565 184.491
117.889 264.094
129.103 260.438
140.614 258.096
152.408 260.127
163.577 258.198
174.171 260.863
184.215 265.173
175.701 273.36
164.485 277.134
152.059 278.005
139.298 276.608
127.737 272.065
137.242 266.295
152.218 267.804
166.142 266.23
166.172 266.667
152.392 268.547
137.445 266.35
