62.2271 167.631
72.7451 161.966
85.2331 161.384
97.9939 163.987
110.359 167.435
148.997 167.41
160.473 164.387
171.972 162.207
183.321 161.66
192.629 167.029
131.471 183.055
131.826 197.798
132.069 212.677
131.83 227.339
115.567 235.457
123.457 239.666
132.814 241.05
140.324 239.538
146.841 235.656
75.7239 184.472
84.8306 179.734
95.8656 180.264
104.871 184.482
95.3153 188.022
85.0192 188.758
152.158 184.431
160.781 180.326
171.573 180.068
180.697 184.491
171.61 189.057
161.273 188.065
99.6728 265.004
110.066 261.573
120.733 259.898
131.981 262.641
143.044 260.333
154.277 261.73
164.696 264.296
156.479 273.148
145.163 278.314
132.839 279.767
119.854 278.648
108.227 273.471
119.429 265.504
132.566 266.994
144.957 266.023
144.618 267.105
132.415 269.126
119.446 267.038
