28.7825 164.536
40.3918 157.364
54.3845 155.807
68.2203 158.191
81.0551 163.654
119.382 161.645
132.765 154.58
147.365 149.633
163.013 148.886
176.872 155.592
99.9741 184.28
99.1266 202.621
98.3091 221.51
98.0933 240.292
85.6569 254.337
92.9758 256.833
100.802 257.619
110.512 255.556
119.334 252.165
44.1235 188.99
53.7185 181.676
66.483 181.655
76.0365 189.412
65.6208 194.318
53.6987 194.522
130.741 188.105
140.174 178.874
153.581 177.479
165.309 183.882
155.058 190.647
142.184 191.292
73.8647 282.843
82.337 279.578
91.6689 277.562
101.546 279.406
112.546 277.143
124.137 279.647
134.417 284.118
125.426 292.657
115.102 298.41
102.429 300.328
91.375 297.552
81.5305 291.982
92.3912 285.042
102.347 286.649
114.46 285.044
114.464 286.036
102.637 287.729
92.6305 286.02
