78.8955 144.489
87.5609 134.412
100.322 130.605
113.339 132.027
125.541 136.748
172.234 134.772
184.398 129.634
197.208 127.218
209.879 130.514
219.452 140.008
150.817 168.951
151.1 182.717
151.372 196.529
151.58 210.408
136.148 224.4
143.79 225.55
152.047 226.031
160.216 225.666
168.123 224.42
100.896 168.767
108.904 163.322
118.695 163.195
126.707 168.717
118.232 171.622
109.157 171.683
175.619 166.097
183.773 159.815
193.455 159.502
201.769 165.356
193.866 169.202
184.619 169.28
123.473 258.274
133.031 253.355
142.447 249.317
152.457 251.205
162.68 248.336
172.36 251.878
181.253 256.479
172.439 261.311
162.6 265.106
151.863 266.227
141.743 265.443
132.173 262.719
142.99 256.219
152.723 256.669
162.19 255.272
162.377 257.106
152.105 258.711
142.366 257.775
