80.8939 142.315
91.0726 141.575
100.655 142.706
109.418 144.147
118.436 146.561
173.32 149.976
181.92 151.96
189.471 155.964
195.299 161.16
200.171 166.783
141.984 184.829
140.907 200.397
139.997 215.148
139.387 230.485
115.78 236.654
123.667 241.182
133.151 244.743
141.861 244.769
149.081 242.677
84.4086 170.945
94.8266 168.571
104.74 170.563
110.981 178.05
101.384 179.653
91.7488 177.604
158.974 187.653
168.852 181.931
179.43 182.912
186.747 189.355
177.252 191.935
167.798 191.195
90.3225 263.852
102.735 259.649
115.185 258.182
128.957 260.178
141.281 261.68
151.9 266.163
158.638 273.729
150.835 283.991
137.902 288.489
123.927 287.425
109.994 283.382
98.1018 275.457
108.511 263.649
127.981 267.37
144.837 268.654
143.072 280.378
125.476 279.637
105.962 275.797
