84.14 177.197
88.2641 173.922
92.7698 172.839
97.1643 172.05
101.414 172.967
128.054 164.732
139.757 159.666
152.461 156.247
165.429 156.466
175.163 163.361
121.015 194.967
120.583 205.247
119.619 215.078
118.595 224.993
115.349 236.295
119.702 237.814
126.184 237.581
133.082 235.471
139.811 231.526
92.6003 203.072
96.8194 197.63
104.238 196.363
112.471 199.891
105.016 202.39
97.6997 203.417
141.621 191.381
146.182 184.7
154.589 184.266
163.089 188.348
155.663 190.408
147.851 191.305
112.638 260.362
113.067 251.495
118.283 245.489
126.203 244.64
138.372 242.944
150.239 245.968
162.394 251.289
152.434 258.621
141.539 262.292
129.769 264.626
122.097 265.821
115.623 264.812
119.368 252.558
126.892 250.726
140.758 249.292
141.526 254.504
128.552 256.355
120.965 257.579
