76.0385 148.968
84.4471 142.945
94.3355 139.978
105.199 139.289
115.209 141.324
145.696 139.062
158.674 137.655
171.643 139.071
183.45 143.019
192.85 151.102
128.617 164.318
126.571 177.556
124.252 189.723
121.832 201.853
107.711 216.151
115.069 217.38
123.408 218.382
134.153 217.58
143.578 216.505
84.9778 168.524
92.6749 165.156
101.266 165.428
109.182 168.5
100.621 168.961
92.8298 168.74
153.295 168.262
161.515 164.524
170.859 164.723
179.552 168.539
170.471 167.944
161.982 167.904
94.3963 245.606
101.147 236.72
111.791 232.786
123.251 232.98
138.559 233.271
152.766 237.749
167.129 244.699
155.919 255.068
141.525 261.412
125.647 262.928
112.711 261.727
101.559 255.64
109.596 238.919
124.797 239.239
145.277 239.904
145.632 253.191
124.977 254.641
109.174 254.075
