73.3106 167.918
80.9781 161.274
91.5422 159.5
102.082 162.595
111.841 167.835
139.498 172.069
153.901 168.007
168.522 168.945
182.323 174.865
191.944 186.467
121.964 188.532
118.884 201.604
115.822 214.373
112.727 226.908
102.007 235.946
108.194 238.464
115.502 240.179
125.779 239.9
135.506 238.75
82.2081 187.531
90.5884 181
100.809 182.742
107.78 191.419
98.6533 193.031
89.7374 192.082
147.257 194.68
155.519 187.885
166.169 188.728
175.336 195.69
165.316 198.231
155.413 197.822
90.8619 257.547
99.1464 254.216
108.09 252.98
117.089 255.124
130.917 253.926
144.934 256.803
158.852 262.005
147.26 271.578
132.253 277.897
116.826 279.12
104.772 275.925
96.2231 267.909
105.914 257.776
116.738 259.824
135.151 259.499
135.26 268.997
116.666 269.704
105.255 267.053
