70.3117 184.105
79.5542 176.621
92.7047 174.371
106.508 175.198
119.768 177.496
146.291 172.437
155.61 166.441
165.624 161.126
176.551 157.993
186.153 161.105
136.142 191.09
139.291 204.308
142.275 217.367
144.879 230.35
127.776 236.934
135.862 238.167
144.709 238.76
152.053 235.703
158.168 231.891
90.4543 197.85
98.6426 195.768
107.022 194.546
114.849 195.691
107.065 198.202
98.6074 199.02
155.854 188.219
162.931 183.86
171.033 182.482
178.738 183.738
172.016 186.613
163.962 188.098
117.341 259.571
125.526 254.064
135.238 250.404
145.886 249.088
155.163 246.42
164.246 245.877
170.378 248.742
167.393 259.214
160.587 266.692
149.892 270.709
137.618 271.036
127.024 267.004
134.039 255.635
146.998 253.976
157.745 250.968
159.858 258.12
148.65 263.232
135.181 263.557
