79.5404 157.002
88.5981 147.878
101.995 145.931
115.284 146.957
128.7 150.725
169.434 149.81
183.905 146.347
197.893 145.589
212.187 147.804
223.694 155.169
150.067 176.551
149.498 192.274
148.846 207.988
148.027 223.379
131.013 233.426
139.407 237.36
148.863 239.914
159.314 237.891
168.902 233.905
96.6285 178.134
105.977 171.846
116.685 171.624
126.346 178.137
116.12 180.672
106.114 180.641
175.116 177.003
184.985 170.912
196.273 171.655
206.453 177.829
196.172 180.293
185.546 180.071
117.778 261.619
126.405 256.24
136.428 254.107
146.595 256.558
159.046 255.089
171.013 257.881
182.047 262.21
171.402 268.832
160.184 273.13
147.218 274.225
135.746 272.986
126.04 268.917
136.288 260.793
146.477 262.325
159.395 261.714
159.563 262.487
146.721 263.913
136.3 262.316
