71.1225 145.548
80.6645 138.509
92.8059 136.785
104.78 138.759
115.518 143.133
155.313 143.238
167.337 138.212
180.333 135.326
193.2 137.081
202.048 145.09
136.34 169.629
136.369 183.308
136.329 197.217
136.306 210.996
123.09 225.555
129.67 227.08
136.92 227.646
144.448 226.699
151.059 224.732
84.1548 167.782
93.6703 162.661
103.572 162.533
111.386 169.217
102.337 172.397
92.7434 172.859
161.551 168.441
168.66 161.036
178.477 160.906
188.018 165.59
179.976 170.529
170.524 170.899
108.872 253.458
118.014 249.475
127.483 246.547
137.258 248.635
147.748 247.072
157.534 250.514
166.956 254.201
157.974 258.773
148.429 262.285
137.497 263.731
126.736 262.687
116.53 258.817
126.901 253.247
137.441 254.006
148.195 254.067
148.272 252.939
137.443 253.286
126.34 252.63
