71.4524 136.29
78.6198 127.127
87.9337 119.904
98.8991 116.038
110.604 114.331
152.87 113.082
163.381 112.43
173.144 113.869
182.285 119.038
188.165 126.761
132.988 143.189
135.259 157.502
138.065 171.455
140.294 185.489
119.384 195.252
126.63 197.58
135.004 198.919
143.683 197.785
150.568 194.99
83.2141 147.013
92.5127 142.524
101.672 141.991
110.233 146.825
101.596 149.112
92.7413 148.918
152.2 146.193
160.909 140.908
169.863 140.521
177.253 145.647
169.485 146.89
161.041 147.375
105.215 220.848
116.466 217.074
126.853 214.043
136.957 215.491
144.342 214.276
150.474 216.511
156.888 218.811
151.154 222.861
144.513 226.242
136.52 226.984
124.985 225.834
114.81 223.728
121.892 219.046
136.598 219.801
145.938 219.2
145.884 221.584
135.938 221.88
120.628 221.422
