73.0166 137.975
81.7866 131.153
92.8137 127.618
104.315 128.166
115.69 129.501
156.79 127.869
168.159 125.109
179.713 123.955
190.608 126.861
198.859 133.394
138.086 153.078
138.722 165.345
139.351 177.57
139.56 189.962
123.726 201.125
131.139 203.002
138.922 203.884
146.878 202.824
154.11 201.002
88.8016 155.156
97.4148 150.644
106.32 150.346
114.841 155.334
106.05 157.956
97.3971 158.009
159.891 153.807
167.715 147.834
176.69 148
185.308 151.854
177.233 154.709
168.549 155.135
111.538 229.14
119.935 223.357
129.007 218.84
138.851 220.167
149.714 218.689
159.62 222.63
168.956 227.35
160.32 233.145
150.572 236.695
139.76 237.336
129.442 236.6
120.085 234.007
127.887 227.918
139.263 228.029
152.115 227.781
151.754 227.375
139.265 227.993
127.822 227.287
