69.1291 161.41
83.2445 156.709
98.7499 158.319
113.108 161.998
126.802 166.926
163.353 168.056
172.539 163.822
181.857 160.502
191.68 157.933
200.027 159.987
141.68 190.594
143.094 206.607
144.765 222.259
145.728 237.882
122.523 250.869
130.224 252.743
139.087 253.731
146.677 252.646
152.575 249.906
82.1537 187.155
94.3613 181.715
106.259 182.135
113.674 191.376
103.432 194.067
92.1284 193.007
156.528 192.937
167.162 184.412
178.281 182.987
187.835 188.693
179.207 195.304
167.558 195.753
100.864 277.617
113.338 273.466
125.29 270.274
137.826 271.801
146.279 270.606
153.215 274.336
158.491 280.154
153.027 289.186
144.541 293.776
134.081 294.166
121.507 292.204
110.418 286.14
121.972 278.427
136.517 278.861
146.644 279.469
146.094 281.583
135.848 281.277
122.135 280.208
