80.3246 182.344
90.3726 175.05
103.273 171.468
116.839 172.302
129.756 176.146
168.099 175.765
181.759 172.892
196.007 172.633
209.469 176.297
219.332 184.138
149.338 201.02
148.951 214.552
148.631 228.691
148.46 242.963
132.541 256.776
140.299 258.015
148.577 258.526
156.229 258.005
162.898 256.84
96.2813 202.649
104.569 197.593
114.001 197.132
122.28 203.143
114.029 205.457
104.685 205.495
176.804 204.599
185.4 198.529
195.797 198.951
204.73 205.14
195.958 207.422
186.029 206.694
117.557 288.81
125.85 280.304
135.987 274.232
147.021 277.932
158.514 275.178
168.338 282.661
175.991 292.997
166.66 297.283
156.962 299.445
146.761 299.448
135.926 297.939
126.119 294.666
134.213 286.23
146.525 287.682
158.345 287.576
158.527 287.833
147.015 287.898
134.642 286.452
