65.1995 186.072
69.2011 175.93
79.1525 170.263
90.5047 170.055
101.375 172.428
140.131 162.156
151.691 155.923
165.158 152.535
178.942 154.678
190.199 160.836
126.701 187.971
128.654 205.108
130.576 222.449
132.627 239.971
122.973 248.924
129.725 250.855
137.394 250.645
145.747 247.479
153.445 242.861
81.9092 203.179
89.2457 197.532
99.2624 195.614
109.273 197.922
100.471 200.958
90.7665 202.804
153.137 189.119
160.751 181.795
171.168 179.523
181.605 181.926
172.702 185.718
162.415 188.035
119.847 273.652
124.724 268.157
131.98 265.012
140.38 264.217
151.293 260.707
162.319 260.874
173.454 263.086
165.731 272.221
156.566 279.166
145.035 283.25
134.995 283.59
126.774 280.478
131.71 272.386
142.766 271.048
156.413 267.016
156.452 270.21
142.932 274.001
132.193 275.359
