72.1693 130.792
82.3274 122.864
95.9023 120.617
109.958 122.632
123.311 126.239
166.451 125.046
179.697 123.43
193.911 123.6
207.623 128.079
217.123 137.651
145.325 155.786
144.528 168.114
143.863 180.646
143.371 193.609
129.284 210.599
136.101 211.816
143.572 212.39
151.305 211.899
158.189 210.831
90.3764 153.129
100.239 149.334
110.542 149.435
118.555 155.019
109.58 157.521
99.4342 157.228
170.188 155.993
179.493 151.243
189.813 152.131
198.72 156.723
189.457 160.037
179.415 159.547
112.929 242.601
123.212 236.342
133.947 230.785
146.015 232.623
157.537 231.024
167.755 236.05
176.485 242.775
167.333 247.661
157.108 250.042
145.576 250.191
133.86 249.871
123.114 247.548
133.228 239.891
145.364 240.125
157.778 240.095
157.912 239.614
146.058 240.03
134.032 239.77
