74.082 164.15
83.2984 157.352
95.0571 155.009
106.845 157.457
117.722 162.582
152.031 163.116
163.615 159.598
175.764 158.832
187.639 162.302
196.694 170.047
133.569 183.995
132.603 196.101
131.621 208.068
130.531 219.956
116.334 232.446
123.068 235.072
130.505 236.173
138.279 236.261
145.521 234.524
86.3867 186.218
93.7139 183.988
101.565 184.117
108.944 185.7
101.612 186.714
94.2024 186.507
158.327 188.085
165.898 186.83
173.804 187.743
180.991 190.412
173.382 190.276
165.757 189.776
102.448 258.498
110.952 253.419
119.958 250.021
129.79 251.912
140.345 250.969
150.687 254.566
160.208 260.732
150.52 265.132
140.32 269.18
129.691 270.071
119.702 268.225
111.063 263.599
116.84 258.784
129.354 259.781
143.683 259.649
144.08 259.983
129.912 260.15
117.304 258.936
