75.1945 168.842
80.7117 164.006
88.693 162.095
97.122 162.387
105.487 164.014
151.553 164.325
158.836 163.125
165.929 162.981
172.766 164.351
178.733 167.245
129.009 186.786
129.567 197.079
130.113 207.321
130.53 217.655
114.635 231.834
121.557 232.984
129.588 233.644
137.118 232.86
143.658 231.825
83.728 192.277
90.6919 188.591
98.7474 187.753
105.879 191.289
98.6324 192.788
90.9354 193.16
148.796 191.275
156.012 187.419
164.25 188.042
170.834 192.033
163.874 193.221
156.366 193.001
100.678 256.194
109.929 251.555
119.805 248.658
130.043 248.923
139.096 248.413
147.427 251.392
154.595 256.327
147.853 261.104
139.44 263.71
129.936 264.611
119.306 264.016
109.291 261.615
115.746 255.926
129.895 255.911
141.813 255.72
141.499 257.011
129.758 257.343
116.141 257.52
