74.241 163.813
83.224 157.705
94.4417 158.119
105.635 161.492
116.111 166.766
147.42 171.147
159.377 168.058
171.409 166.568
182.435 169.176
190.245 176.709
130.706 184.76
129.331 197.862
127.732 210.674
126.176 223.277
113.321 233.294
119.413 235.36
126.102 236.908
133.724 237.083
140.267 236.479
84.3957 183.037
93.3663 178.274
102.751 179.362
110.331 186.116
101.408 188.809
92.1639 187.779
153.017 190.623
162.306 185.131
172.233 186.413
179.46 193.205
171.156 196.405
161.555 195.227
97.0565 255.09
106.433 253.659
116.054 251.989
125.609 254.169
136.183 253.874
146.392 257.563
155.76 261.614
146.077 268.262
135.819 272.62
124.129 273.186
113.141 270.205
104.066 264.152
114.136 258.569
125.17 260.356
137.398 260.872
137.143 263.271
124.759 263.07
113.808 260.678
