71.9928 155.827
83.5011 151.075
96.5433 149.68
109.457 153.045
120.946 159.328
161.423 163.356
173.117 161.743
184.243 162.794
194.096 166.709
201.416 173.406
135.993 185.361
133.67 201.309
131.804 217.645
129.93 233.241
113.489 239.793
120.417 242.834
127.965 245.471
136.416 245.31
144.503 244.387
83.465 178.527
93.9524 172.66
105.374 175.231
112.604 185.835
102.211 187.657
90.9931 185.988
159.438 192.21
168.721 183.576
179.704 183.691
187.295 192.634
179.012 196.987
168.69 196.121
94.4493 257.243
105.549 257.568
116.277 258.96
126.666 262.254
136.407 262.254
145.457 264.22
154.457 266.458
145.51 274.84
134.4 279.615
122.428 280.136
110.874 276.548
101.546 268.674
116.203 267.064
126.031 270.86
132.827 270.546
132.426 269.381
124.498 268.945
114.853 266.251
