90.7616 128.837
99.3044 121.734
109.905 117.783
122.061 117.929
133.989 119.778
171.95 123.562
183.544 121.087
196.544 121.036
208.307 124.991
217.221 133.589
151.972 149.704
151.832 167.316
151.945 184.47
152.593 201.582
134.39 208.768
143.655 211.5
152.45 212.808
162.348 210.677
171.385 206.873
96.2308 149.153
107.133 143.51
118.521 143.674
127.847 152.728
117.206 153.372
105.88 152.354
175.969 153.744
186.099 145.781
198.215 145.644
208.934 152.371
198.376 155.465
186.808 155.634
116.384 234.847
126.942 228.964
139.499 225.889
152.926 226.093
165.639 225.095
177.784 227.616
186.568 235.464
178.525 246.408
167.696 252.389
153.27 254.297
138.265 251.043
126.711 244.185
138.275 232.517
152.904 233.249
166.242 232.451
166.57 242.194
153.47 244.187
139.023 241.174
