72.28 178.931
76.7442 173.6
83.089 171.036
89.9153 171.008
97.0875 171.452
135.343 159.954
144.11 155.107
153.169 151.976
162.908 151.766
171.984 154.655
122.388 190.17
123.818 202.676
124.983 215.27
126.069 227.256
115.82 236.101
123.038 237.046
130.505 236.593
138.085 233.991
145.083 229.897
86.9319 196.129
92.476 189.611
100.288 188.263
107.393 191.93
101.204 196.127
93.9928 197.665
143.993 182.997
148.933 175.716
157.44 174.328
166.008 177.335
159.579 181.642
151.657 183.322
110.496 256.3
117.421 252.037
125.682 249.793
134.602 248.986
146.082 245.874
157.139 244.345
168.037 244.351
161.787 256.246
152.4 264.527
139.85 269.135
128.184 269.947
118.04 265.498
126.999 255.825
137.024 255.045
148.555 251.649
150.098 257.516
138.026 262.763
126.637 262.942
