76.2967 158.339
82.0197 156.63
88.3958 157.686
94.4856 160.465
98.9918 163.514
126.227 160.982
140.195 158.35
153.49 158.051
165.679 163.127
175.32 170.486
115.091 185.838
112.02 200.334
108.514 215.096
104.915 229.758
103.431 240.73
107.925 240.877
113.099 241.428
121.882 241.782
130.815 242.004
81.8229 189.292
87.7459 181.958
97.118 181.407
104.401 189.391
96.6918 190.734
88.5616 190.914
138.332 190.304
146.652 185.083
156.198 185.33
164.904 190.414
156.364 192.939
147.336 192.587
103.724 273.354
103.813 265.687
109.024 260.618
116.39 261.351
128.767 261.876
140.569 266.761
150.904 273.205
143.295 281.723
132.743 285.965
120.722 286.967
112.746 285.63
106.472 281.993
113.383 269.8
117.922 270.193
127.989 270.708
128.83 274.139
119.749 273.861
114.864 273.2
