72.0127 162.648
81.4918 156.509
93.1939 155.714
104.972 157.023
116.711 160.296
164.354 163.197
176.271 160.193
188.264 158.264
200.418 159.465
211.824 165.017
141.924 188.602
141.946 204.591
142.345 219.805
142.742 235.282
126.167 244.484
134.372 246.39
143.296 246.773
152.993 245.412
161.679 243.067
87.8816 187.739
97.7011 181.914
108.589 182.652
116.106 190.306
106.999 192.041
96.7156 191.631
166.762 190.119
174.74 183.023
185.679 183.164
195.863 188.102
186.869 192.255
176.339 192.958
110.947 271.878
120.623 264.516
132.186 260.588
144.502 261.717
157.348 260.334
169.6 263.813
180.627 269.894
172.744 280.747
160.508 287.669
146.316 289.192
132.128 288.014
119.737 282.26
129.714 268.758
144.685 268.876
159.796 268.124
161.749 275.611
145.719 278.439
129.632 277.285
