73.9648 91.226
82.1399 85.967
93.0775 84.112
104.586 86.1533
115.518 90.5076
161.755 90.997
171.052 85.6436
180.967 83.7221
190.844 85.4332
197.585 90.2064
138.051 115.817
138.952 129.656
140.153 142.858
141.443 155.759
127.464 166.711
134.423 168.679
141.924 169.749
149.53 168.37
155.839 165.573
88.2341 116.371
95.8869 111.39
106.057 110.51
115.505 115.605
106.525 119.451
96.8548 119.946
160.773 113.939
169.956 108.589
180.105 108.298
188.131 113.444
180.424 117.431
170.681 117.119
113.604 194.673
122.795 189.086
133.051 185.428
143.671 185.907
153.884 184.606
162.629 188.518
170.606 194.274
162.902 201.05
153.838 205.494
142.597 206.668
131.299 205.003
121.833 200.626
133.026 193.99
143.264 194.37
153.376 193.414
153.564 195.968
142.344 197.695
132.095 196.068
