88.0952 207.682
103.053 198.513
120.081 193.301
138.479 194.182
154.876 200.634
194.515 197.195
210.362 190.399
228.105 188.547
245.434 191.837
260.356 200.77
174.156 219.16
173.863 241.069
173.494 263.191
173.272 285.588
148.221 294.448
160.375 298.182
173.62 300.012
188.057 297.442
201.257 292.671
110.172 228.091
121.532 221.911
134.21 222.049
144.703 228.116
133.783 230.372
122.02 230.549
206.561 225.614
215.953 218.131
228.752 216.85
240.389 223.168
228.567 225.945
216.968 226.801
124.961 319.117
142.537 318.454
159.533 318.204
176.005 319.678
192.158 316.956
208.749 317.336
225.045 317.052
214.113 331.967
197.405 341.255
177.525 344.818
156.476 342.504
138.144 333.799
154.272 324.608
176.252 326.274
196.734 323.671
198.275 330.269
177.71 333.668
154.117 331.404
