70.8274 162.335
79.6867 156.916
89.4347 153.801
99.956 152.386
110.565 153.199
157.548 155.221
167.964 154.706
178.147 157.011
188.061 159.794
197.318 164.535
132.845 184.362
131.654 194.089
130.268 203.434
128.109 212.837
117.341 227.845
121.6 228.044
127.517 228.488
134.252 228.035
140.211 228.337
84.1965 181.105
92.0776 175.007
101.706 174.814
109.773 180.699
100.754 183.515
91.7734 183.472
155.863 181.964
164.16 176.112
173.909 177.27
181.577 182.383
174.018 185.569
164.831 185.34
103.797 256.957
108.65 248.61
116.93 244.193
126.65 244.677
136.576 244.657
145.326 250.179
151.755 257.873
144.749 262.145
135.741 263.939
126.667 264.572
117.723 262.874
110.027 260.454
119.288 252.863
126.662 252.811
134.854 253.084
135.157 255.338
127.087 254.979
119.624 254.593
