70.8628 178.024
75.0601 170.899
82.1411 167.311
89.9289 165.539
98.039 166.079
140.489 158.308
150.134 154.139
160.745 151.081
171.793 151.901
180.724 158.918
123.19 189.932
124.293 202.962
125.3 215.759
126.426 228.636
117.301 238.687
124.638 239.504
132.199 239.261
139.905 236.543
147.018 233.131
84.2224 196.828
90.4075 189.627
100.14 187.631
109.798 192.845
101.085 196.604
92.3866 197.897
148.223 185.645
155.16 178.724
164.163 177.555
171.893 181.793
165.032 185.417
156.642 186.058
110.128 265.696
115.587 258.716
124.037 254.873
133.21 253.551
146.861 250.976
160.122 251.434
171.867 255.702
164.994 270.179
154.561 283.626
138.159 289.333
124.705 288.116
114.652 278.198
122.554 261.088
133.897 259.918
150.369 255.39
154.221 273.51
136.438 279.828
123.372 277.262
