69.8973 124.858
78.6186 116.475
90.2625 113.814
102.696 116.365
114.608 121.217
152.442 119.913
163.082 117.196
174.061 115.893
184.005 119.693
191.102 127.16
133.446 150.422
132.993 161.585
132.461 172.492
131.785 183.567
116.827 191.516
123.069 193.532
129.892 194.825
136.777 194.657
143.225 193.394
85.9665 145.184
93.8412 140.897
102.488 141.016
108.681 146.482
101.278 148.938
92.8572 148.675
151.556 148.648
158.511 142.541
167.146 142.869
174.087 148.05
167.32 151.031
159.024 151.601
101.04 215.166
109.723 211.758
118.885 209.485
128.434 211.196
137.513 210.158
146.133 212.773
153.692 217.032
146.405 222.942
137.252 226.52
126.749 227.117
116.489 226.01
107.978 222.002
118.116 216.007
127.772 216.606
137.309 216.99
137.517 216.927
127.59 217.449
117.831 216.398
