82.7898 163.346
91.2747 155.16
102.194 151.704
113.754 152.801
125.492 156.161
175.53 155.247
187.593 153.877
199.25 154.995
209.786 159.452
217.697 166.705
149.294 187.768
149.651 200.596
150.22 213.171
150.918 225.827
134.796 241.27
141.647 242.615
149.936 243.085
157.71 243.136
164.793 242.676
96.4167 184.78
105.457 179.594
116.169 180.002
125.036 186.904
115.197 189.158
104.53 188.831
174.554 189.04
184.106 181.451
194.626 182.229
203.935 188.557
194.124 191.727
184.016 191.71
119.804 273.606
128.474 265.98
138.163 260.417
149.069 262.521
159.494 261.083
168.867 266.946
177.179 273.979
169.726 281.601
159.622 285.754
148.32 286.496
136.889 285.207
127.149 281.001
137.331 270.314
148.722 270.979
160.078 270.735
159.793 272.602
149.187 273.789
138.146 271.803
