66.5422 134.37
75.695 127.283
87.0946 123.83
98.927 123.371
110.185 126.151
154.55 120.677
166.184 115.601
178.731 114.406
190.252 116.257
200.14 121.67
135.795 148.506
137.53 162.534
139.098 176.826
140.428 191.198
125.503 205.797
132.678 205.966
140.117 205.962
147.111 204.69
152.981 203.797
82.8518 152.783
91.2063 144.356
102.978 143.847
111.936 152.478
102.672 155.312
92.3151 155.954
157.419 147.729
164.295 136.78
175.708 134.849
185.451 142.126
177.633 146.915
167.196 148.185
115.737 240.207
122.117 232.606
130.845 227.053
140.637 229.571
150.477 225.918
159.852 229.965
168.476 234.409
161.835 242.581
152.925 247.051
142.799 248.763
132.601 248.504
123.196 246.269
131.785 235.955
141.237 237.081
151.644 235.045
151.006 235.065
141.163 236.162
131.58 236.191
