74.6023 145.347
82.9717 134.63
94.9612 127.952
109.097 127.144
123.541 129.1
155.837 132.624
169.929 130.91
183.521 132.105
195.493 138.882
204.098 149.094
141.204 163.913
141.164 175.597
141.021 187.453
140.832 198.681
124.337 212.641
131.991 214.871
140.502 215.404
147.458 215.332
154.04 214.296
93.0009 165.167
101.035 158.95
109.994 158.397
117.891 165.036
109.866 166.71
100.9 166.887
161.87 166.595
169.734 160.33
178.061 161.019
184.8 166.987
177.561 168.961
169.207 168.812
112.749 243.326
120.451 236.359
129.971 233.572
139.479 234.156
148.538 234.332
156.915 238.102
163.101 245.185
156.549 250.485
148.238 252.116
138.932 252.113
129.62 251.456
120.67 249.089
131.053 240.77
138.9 241.159
145.261 241.739
144.693 243.163
139.148 242.523
131.686 242.46
