69.1232 134.855
77.2328 127.721
86.7846 124.39
97.044 125.892
107.157 128.937
155.475 122.828
165.642 118.442
176.667 116.312
187.519 118.808
196.444 124.33
132.887 157.276
133.532 169.812
134.19 182.071
134.857 194.368
118.328 209.72
125.754 211.225
134.509 211.95
142.455 210.646
149.464 208.081
84.4032 153.47
91.7829 148.311
100.698 149.133
107.404 155.889
99.2309 157.576
90.9761 157.045
161.342 152.16
167.033 143.91
175.721 142.985
183.81 147.501
177.464 152.29
169.127 153.691
108.59 242.751
115.371 235.289
124.082 230.617
133.852 232.251
143.561 229.323
152.718 232.67
160.988 239.994
153.643 246.553
144.244 250.508
134.071 252.633
123.984 252.02
115.007 248.803
122.855 240.223
134.272 240.985
144.844 238.767
144.886 238.788
134.059 241.241
122.385 240.307
