77.9771 155.059
88.5988 150.05
100.388 150.154
111.969 152.913
122.69 158.877
148.177 165.439
158.49 163.017
168.651 163.572
178.284 166.856
186.178 173.652
133.074 183.209
132.464 197.438
132.337 211.435
131.839 225.495
114.338 231.384
121.384 234.013
128.428 235.803
135.279 235.552
141.158 234.616
86.4547 179.892
96.3181 178.809
105.246 180.144
112.435 185.1
103.846 185.445
94.5201 183.856
151.407 191.061
160.018 189.922
168.664 191.091
176.143 194.642
168.372 195.43
159.321 194.131
95.8377 251.369
105.702 247.72
116.281 246.714
126.44 248.31
136.343 248.861
144.786 252.513
151.178 259.613
142.388 263.91
133.494 267.024
123.762 267.471
112.851 264.149
104.012 257.896
112.907 253.432
125.567 256.342
137.185 256.829
136.584 258.143
124.728 257.668
111.679 255.41
