73.9891 146.167
81.7982 136.944
94.4217 134.11
107.264 135.054
119.18 139.035
162.709 139.604
175.176 135.81
188.612 134.432
201.292 137.423
208.562 147.375
140.535 163.383
140.36 177.556
139.963 191.622
139.387 205.478
124.985 221.039
132.134 221.673
140.201 221.975
148.854 221.976
156.335 221.35
90.5157 167.798
98.1983 162.276
107.741 161.468
115.622 166.896
107.596 169.561
98.8979 169.779
165.328 168.322
172.987 161.758
183.042 162.286
191.06 168.198
182.481 170.839
173.424 170.629
113.815 253.5
121.269 247.308
129.786 243.023
138.668 245.777
148.755 242.578
158.033 247.533
165.853 254.232
158.461 262.528
149.256 268.042
138.117 268.804
127.924 267.573
119.419 262.263
128.467 252.939
138.337 253.828
149.115 253.12
149.208 254.419
138.515 254.881
128.64 254.268
