82.8387 132.149
90.5632 126.492
99.6007 125.653
108.892 128.721
117.751 133.539
153.304 136.979
160.02 133.907
167.938 132.054
175.72 132.467
181.951 136.932
133.882 159.864
133.097 171.169
132.129 182.007
130.908 192.847
115.511 196.806
122.139 200.262
129.167 201.995
136.899 201.724
143.846 200.424
91.8117 151.997
99.8071 148.479
107.924 149.331
114.447 155.328
106.539 156.186
98.6439 155.226
147.94 161.202
155.409 155.703
163.486 155.938
170.997 160.316
163.46 163.407
155.754 163.361
95.1967 213.583
105.514 211.443
116.37 212.39
127.164 215.825
136.702 215.347
146.098 217.381
154.69 221.49
145.677 227.576
135.11 230.202
124.486 229.316
113.571 227.106
103.423 221.541
113.822 216.979
126.041 220.109
137.231 220.039
137.818 222.82
126.192 222.144
113.828 220.344
