68.6066 156.255
76.7639 149.939
87.3649 148.748
98.2334 150.02
108.881 152.962
150.474 151.347
163.571 146.221
177.401 143.976
190.702 146.309
200.321 154.494
129.673 176.196
128.363 189.151
127.456 202.423
126.453 215.03
116.049 228.618
121.237 229.993
127.536 230.51
135.507 229.736
143.049 227.665
84.1479 178.806
91.3323 172.366
100.88 172.084
108.522 177.62
100.949 181.212
92.1357 182.007
154.975 177.025
162.769 169.964
172.951 169.678
181.802 175.693
172.933 179.797
163.49 180.189
100.903 259.854
109.175 255.413
118.583 252.345
128.811 253.51
140.932 251.975
152.614 255.033
164.827 259.605
154.705 267.79
142.697 272.671
129.662 273.634
117.979 272.999
107.809 268.18
119.227 261.427
129.156 261.361
141.67 260.943
141.915 262.704
129.08 263.683
118.516 263.435
