55.508 166.768
65.8579 157.525
79.4878 153.839
93.1517 154.899
106.853 158.954
149.132 159.624
163.081 155.674
177.305 155.118
190.739 160.24
201.644 169.205
128.818 182.722
129.44 200.26
130.068 217.361
130.553 233.977
111.742 239.356
120.721 242.425
130.701 243.885
141.495 241.567
150.354 237.166
73.7042 189.106
84.28 181.678
96.1496 181.352
106.25 188.432
95.5068 191.314
84.5507 191.443
150.898 186.134
161.079 179.938
172.179 180.666
182.304 187.46
171.596 189.679
161.305 189.402
96.7837 268.616
107.325 262.381
118.977 259.181
130.933 259.283
144.683 257.432
157.61 258.316
168.508 262.882
159.827 273.811
147.869 281.567
132.766 284.667
118.412 284.037
105.976 278.485
116.861 265.526
131.028 265.688
146.683 262.535
148.374 271.904
132.721 275.348
117.415 274.585
