78.51 178.005
84.2856 169.294
92.9576 163.025
103.079 160.012
113.306 161.153
166.371 159.163
176.641 157.909
186.592 159.231
195.502 164.815
201.042 173.365
140.458 194.472
140.414 209.844
140.594 225.132
140.837 240.648
127.541 250.746
133.903 252.168
141.652 252.952
148.814 252.223
155.126 250.775
90.3277 194
98.4835 186.348
110.033 186.62
118.422 194.629
108.875 197.502
98.3386 197.433
161.595 194.81
169.833 187.076
181.455 186.81
190.063 194.157
182.241 197.452
171.474 197.609
110.866 280.703
120.002 273.092
130.822 267.785
142.608 269.671
153.959 267.645
164.948 272.238
173.076 279.86
164.987 288.307
154.774 292.732
143.222 294.377
131.411 292.786
120.41 288.668
129.915 277.694
142.279 277.534
154.358 277.296
154.56 281.381
142.571 282.262
130.336 281.492
