67.6981 147.242
76.0051 140.063
87.0915 137.735
97.8808 139.41
108.019 142.474
138.208 139.583
146.524 135.549
155.245 131.318
164.619 128.784
172.969 131.791
127.251 164.245
128.046 175.525
128.842 187.092
129.637 198.64
117.448 212.502
123.307 213.266
129.42 213.336
135.961 212.565
142.08 210.985
80.3594 171.013
88.4745 165.032
97.4396 163.843
104.826 168.185
97.2946 170.811
88.6471 171.457
147.098 164.128
153.311 157.828
161.806 157.1
169.668 161.771
162.779 164.469
154.491 165.03
105.267 239.865
111.705 231.903
120.468 227.089
130.295 227.778
140.476 226.522
150.194 229.873
157.885 235.397
150.659 241.714
141.978 246.709
131.74 248.782
121.477 248.234
112.089 245.799
121.83 236.495
131.08 235.564
141.103 234.972
140.782 236.21
131.316 238.11
121.64 238.206
