65.9714 170.398
75.6437 163.749
87.2254 162.046
99.1316 162.475
110.621 165.7
148.892 160.823
160.946 156.827
173.761 155.731
185.72 157.836
195.798 164.117
130.928 187.624
131.598 201.424
131.978 214.659
132.564 228.258
120.53 244.319
126.706 244.195
133.337 244.298
140.661 243.685
147.436 242.722
82.4842 190.936
90.0161 184.668
98.9547 184.206
106.903 190.314
98.5274 192.022
90.0743 192.17
156.088 187.425
163.699 180.498
173.222 179.992
182.307 184.768
173.339 187.378
164.635 188.255
105.138 272.341
114.892 267.203
124.796 262.842
135.979 264.094
148.17 262.544
159.411 265.599
171.451 267.691
162.035 275.373
150.412 279.61
137.986 280.743
125.704 280.75
114.552 278.19
125.296 272.085
136.819 271.815
149.872 270.767
149.881 271.45
136.813 272.255
124.688 272.451
