75.9126 168.124
86.3059 162.882
98.3516 162.635
110.217 165.373
121.683 169.789
151.989 171.831
163.524 168.421
175.36 166.363
187.376 167.127
197.108 173.044
136.397 191.838
135.701 205.169
135.302 218.04
134.477 230.842
119.534 241.78
126.756 243.439
134.245 244.308
141.001 244.165
147.687 243.091
88.3886 189.451
96.9283 183.685
106.805 184.456
113.453 192.405
105.081 195.033
95.947 193.875
157.074 194.343
164.667 186.953
174.612 186.311
183.065 192.876
174.927 197.251
165.56 197.395
103.942 264.943
114.535 262.559
124.077 260.164
133.465 261.822
142.817 260.206
152.153 262.707
161.362 266.402
153.572 274.335
143.554 279.391
132.257 280.684
121.274 278.86
111.48 273.518
123.432 266.795
132.958 267.965
142.9 266.971
143.331 268.102
132.732 269.035
122.907 267.601
