79.8481 156.649
89.8027 151.428
101.103 150.445
112.398 150.635
123.294 153.935
165.389 151.502
176.113 147.635
187.372 146.252
198.336 147.684
208.573 152.493
144.405 176.796
144.643 193.523
144.618 209.676
144.824 225.934
128.039 231.337
136.052 234
144.276 235.296
152.817 234.357
160.701 231.962
93.7987 175.931
102.183 170.35
112.562 170.335
120.626 177.978
111.225 180.435
101.601 179.663
167.345 178.268
174.738 170.044
185.001 169.099
193.861 174.688
185.978 179.415
176.248 180.096
114.021 256.717
122.946 252.795
133.35 251.009
143.592 253.259
154.153 250.917
164.863 252.585
174.449 256.114
165.989 264.723
155.574 270.118
143.733 271.905
131.97 270.437
121.717 265.214
131.804 258.315
143.432 259.847
155.3 258.012
154.909 258.592
143.155 260.343
131.919 258.97
