65.1369 173.688
73.6264 167.161
84.5559 167.079
95.4794 168.654
106.497 171.29
146.675 167.505
157.412 162.594
167.928 159.597
178.456 158.772
187.649 163.806
128.869 186.107
129.409 202.588
130.349 219.212
131.576 235.085
116.671 250.43
123.954 252.068
132.7 252.975
141.965 251.481
150.253 249.177
72.5507 194.57
82.1122 185.474
93.5889 185.385
104.554 192.555
94.9168 197.704
82.7386 198.272
151.459 189.012
159.49 178.979
171.386 178.083
181.905 185.104
172.405 189.743
161.461 190.911
106.754 285.621
113.866 276.417
123.313 270.623
133.528 272.459
144.477 269.219
154.835 273.892
164.199 279.706
156.328 288.198
145.842 293.084
134.429 295.132
124.215 294.582
114.163 292.36
123.475 281.334
134.173 280.07
146.413 279.111
144.987 280.266
133.436 281.945
123.539 282.823
