72.6282 176.84
80.1035 170.835
88.8589 168.768
97.8799 169.618
105.935 172.128
139.266 161.062
148.678 153.288
159.084 148.42
170.694 147.189
180.994 150.603
125.838 186.651
127.251 199.341
128.389 211.689
129.351 224.024
120.206 239.594
127.224 239.787
134.748 238.652
142.653 235.426
149.589 231.159
88.3721 197.948
94.9419 193.841
103.312 192.205
111.586 193.115
104.559 196.999
96.4292 198.725
149.174 181.633
156.052 176.766
164.071 175.239
172.506 175.91
165.581 180.052
157.572 182.004
114.441 268.468
121.011 261.487
128.898 256.601
137.859 255.25
149.864 250.863
162.627 250.083
175.465 250.705
166.62 261.174
155.087 269.304
142.128 274.899
131.728 276.712
121.657 274.848
128.901 263.707
139.649 261.505
156.457 256.311
156.417 260.093
139.763 266.004
128.919 268.562
