64.0975 152.8
74.6817 145.502
86.9169 143.792
99.1761 145.776
110.656 150.025
150.9 145.012
164.564 142.422
178.005 142.466
191.01 147.259
199.834 157.696
129.757 175.013
130.557 191.048
131.134 207.572
131.436 224.039
120.788 235.773
126.923 236.77
133.552 236.63
141.058 236.221
147.511 235.351
78.7292 177.57
87.0182 170.336
97.7836 170.537
107.148 179.201
97.3266 181.335
86.7643 181.053
156.994 176.128
163.954 167.628
174.444 167.992
183.697 174.628
174.832 177.23
164.937 177.652
107.184 268.901
115.663 261.222
125.402 256.369
135.782 258.169
146.389 255.864
157.193 258.388
166.712 264.196
159.549 274.355
149.954 282.194
138.211 285.032
125.503 283.597
114.522 277.919
125.501 267.797
135.911 267.695
146.985 266.103
147.438 270.267
136.711 273.45
126.05 272.517
