69.6168 127.252
81.6737 120.516
95.6645 119.092
110.279 120.882
123.314 126.342
149.866 131.205
159.183 127.337
169.187 125.552
179.801 126.239
188.591 131.314
133.794 149.512
133.888 164.878
134.478 180.877
135.215 196.67
113.571 201.359
123.198 205.117
133.22 206.799
141.204 205.216
148.659 201.349
84.4219 148.717
94.0292 142.064
104.934 142.779
111.735 150.343
102.892 154.29
92.6328 153.684
151.525 153.631
159.504 147.568
169.164 147.723
176.065 154.589
167.873 158.289
158.844 157.64
96.4528 224.302
108.162 221.56
119.95 220.648
131.756 222.137
140.338 220.988
148.529 222.143
154.106 225.834
147.597 233.909
139.149 240.736
128.511 242.743
115.53 239.954
104.759 233.169
117.111 224.136
131.122 224.208
140.538 224.651
140.381 233.566
129.232 236.04
114.989 232.519
