78.9006 169.74
86.3239 164.354
95.3508 161.64
104.739 161.486
114.11 163.626
154.704 164.633
163.572 162.361
172.664 162.353
181.02 166.081
186.341 172.79
133.801 191.201
133.643 202.644
133.508 214.257
133.459 225.692
120.056 235.663
125.61 236.99
131.975 238.586
138.649 237.59
144.233 235.837
90.0459 188.354
97.2074 183.583
106.257 184.147
112.789 191.136
105.144 193.905
96.781 193.126
153.924 190.802
160.846 184.574
169.536 184.665
176.53 190.695
169.334 194.739
161.03 194.435
106.014 259.007
114.465 257.006
122.42 254.855
131.002 256.631
139.211 255.131
146.729 257.919
153.263 262.343
147.295 267.155
139.355 269.611
130.503 270.292
120.872 268.223
112.123 264.478
121.549 260.179
130.877 261.762
139.406 261.029
139.591 263.467
131.088 263.853
121.538 262.23
