78.9713 157.043
86.6941 152.934
95.9184 152.756
105.29 153.967
114.879 157.152
157.585 159.521
166.284 155.31
175.798 153.685
185.266 155.436
192.256 161.813
135.254 185.959
134.967 197.251
134.818 208.302
134.427 219.472
116.145 227.674
124.623 230.592
133.981 232.652
142.693 231.461
150.34 229.066
91.3608 181.953
99.8669 179.452
109.015 179.522
116.692 185.252
108.011 185.723
99.2825 184.626
154.62 187.272
162.792 182.444
171.981 182.627
180.308 187.298
172.513 189.403
163.29 189.12
102.793 249.887
111.916 244.454
122.601 242.306
133.02 243.63
143.123 243.466
152.753 246.214
161.154 251.392
154.333 260.213
144.259 265.505
132.149 266.407
119.788 264.858
109.039 259.418
119.41 247.781
132.504 249.213
145.107 249.174
145.798 257.563
132.633 258.424
118.731 256.761
