70.5253 163.317
77.8538 157.149
88.0261 156.184
98.421 158.106
108.122 161.534
147.88 161.459
158.362 157.805
169.363 155.966
180.588 156.019
190.391 161.73
127.794 183.332
128.645 195.046
129.678 206.881
130.961 218.292
117.027 232.218
123.595 233.091
130.686 232.939
137.812 232.691
145.381 231.242
83.9848 185.141
91.0391 179.854
100.478 180.341
106.968 186.715
99.3263 188.984
90.767 188.626
150.696 186.311
156.662 179.536
165.876 179.32
173.592 184.359
166.315 188.058
157.936 188.625
106.631 260.477
114.287 255.095
122.537 251.433
132.061 252.613
141.347 251.508
150.037 254.598
157.81 259.385
151.856 267.212
142.691 271.029
132.684 271.747
122.547 271.295
113.598 267.72
122.761 260.237
132.342 260.836
141.501 260.529
141.628 260.555
132.334 260.933
122.603 261.071
