63.9191 159.194
74.9061 151.744
89.0354 150.712
103.025 152.424
117.196 154.157
143.453 154.996
156.02 150.893
169.036 147.117
182.618 146.91
193.968 153.573
129.05 167.65
129.362 182.449
130.056 197.452
130.641 211.842
117.066 223.204
123.523 224.823
131.415 225.353
139.186 223.863
146.502 221.058
77.2462 176.8
85.0375 169.981
95.7474 168.64
106.527 172.369
97.0305 176.332
86.8846 177.814
151.686 169.819
160.741 164.159
171.393 163.21
181.685 168.545
172.21 172.026
161.739 172.386
99.645 251.903
110.027 248.459
121.363 246.68
133.194 248.157
145.663 244.7
158.598 244.388
169.541 245.899
159.025 253.166
147.193 258.773
133.275 261.798
120.647 261.722
109.557 258.165
118.363 251.227
132.919 251.688
148.687 248.408
149.025 249.383
132.414 252.094
118.459 252.154
