70.3312 155.052
77.4143 144.456
88.7752 140.23
101.334 140.679
113.24 143.922
146.233 142.428
155.823 137.372
166.614 135.393
176.882 136.96
184.243 144.63
134.637 180.449
136.419 192.768
138.02 205.503
139.197 218.67
118.792 228.414
128.367 231.442
138.828 232.409
147.477 229.799
154.844 226.036
85.8837 183.695
94.8287 177.79
104.683 178.23
111.772 184.768
103.327 188.415
93.5093 188.132
153.469 183.279
160.34 174.862
170.182 173.445
178.424 179.78
171.788 184.873
162.14 185.534
101.693 257.685
113.429 251.527
125.385 248.176
138.981 248.787
148.815 246.993
157.825 248.704
165.802 252.471
160.336 265.969
152.248 276.659
139.025 282.152
123.027 280.015
110.367 271.687
121.957 255.591
138.875 255.627
150.365 253.58
152.388 266.669
138.677 272.913
119.62 269.381
