74.9361 133.77
80.765 126.431
90.2752 124.144
99.6539 126.364
109.636 129.863
144.493 131.385
155.404 127.845
165.911 125.141
177.056 125.855
186.246 131.46
127.201 152.265
125.304 163.211
123.037 174.056
120.881 184.99
111.292 194.281
117.242 195.702
124.102 196.279
131.888 195.151
140.23 193.651
87.4612 156.371
94.5697 150.492
102.606 150.592
109.952 156.364
102.312 159.622
94.4311 159.317
151.136 155.836
157.815 149.667
166.552 149.252
174.405 153.697
166.84 157.019
158.519 157.527
101.917 219.365
107.584 214.062
116.073 211.787
125.305 213.039
135.775 211.918
146.014 213.587
154.9 218.046
147.807 226.967
136.917 232.573
124.528 233.687
113.835 233.233
105.418 228.545
114.926 216.675
125.077 217.553
136.687 216.202
137.532 226.868
124.98 228.607
114.399 227.998
