75.3748 164.308
84.1954 160.998
94.0748 161.221
103.819 164.33
113.296 167.703
154.863 171.459
164.624 169.792
174.797 169.057
184.748 170.11
192.142 175.475
132.35 182.897
131.615 196.518
130.827 210.654
130.308 224.96
114.366 232.903
120.686 235.52
128.601 237.521
137.103 237.083
144.53 236.021
82.9209 184.195
92.2942 176.731
103.158 177.119
110.885 185.951
101.456 188.165
91.2187 187.423
154.589 190.802
162.664 184.117
173.304 185.776
181.075 194.872
171.981 195.926
162.167 194.443
93.6326 255.791
104.873 254.162
116.393 254.861
127.58 257.696
138.707 257.747
149.914 259.645
159.613 262.412
149.741 267.688
138.385 270.203
125.604 270.235
112.869 268.193
101.715 263.295
113.096 259.46
126.32 261.31
139.817 261.712
140.301 263.923
126.289 264.768
112.294 262.393
