75.3175 169.359
84.8395 163.596
96.0984 160.691
107.926 161.223
119.761 164.507
159.409 166.576
171.434 165.218
183.398 166.259
194.477 171.267
202.107 179.593
138.209 185.345
137.107 201.006
136.097 217.821
135.108 233.88
116.894 243.919
124.412 246.454
133.052 248.358
141.678 247.615
149.323 246.248
91.2403 186.866
99.3433 183.451
107.018 183.828
114.32 188.571
106.296 189.475
98.4262 189.178
161.031 192.826
170.088 189.576
178.398 190.769
185.749 195.101
177.612 196.459
169.167 195.652
97.6842 269.579
108.665 268.49
120.251 267.429
131.647 269.142
142.22 268.573
152.007 271.172
161.299 274.354
152.376 280.873
142.08 284.077
129.905 285.177
117.01 282.362
106.653 277.323
116.958 273.458
131.193 274.963
143.056 275.129
142.118 275.053
130.756 275.656
117.011 273.386
