75.2186 150.823
80.4403 141.382
89.0128 136.101
98.9632 134.416
109.479 135.237
144.876 133.089
156.268 131.008
167.686 130.753
178.174 135.098
185.899 144.151
128.442 168.374
128.23 180.103
127.915 191.478
127.826 202.849
118.677 216.131
124.126 216.536
129.723 216.545
135.614 216.309
141.742 216.33
90.4676 169.686
97.2242 164.577
105.434 164.558
111.841 170.022
104.888 173.046
97.1425 173.265
149.96 168.035
156.06 161.3
164.528 160.747
172.5 165.879
165.722 169.832
157.477 170.458
109.137 241.868
115.004 235.994
122.342 232.198
130.087 233.14
139.62 231.934
148.551 235.626
156.783 240.464
150.037 247.615
141.226 252.396
130.487 253.745
121.755 253.282
114.393 249.004
123.313 240.717
130.542 240.48
139.565 240.264
139.419 241.808
130.37 242.7
122.813 242.665
