67.847 175.21
72.5429 165.975
81.0721 161.376
90.8936 160.384
100.987 161.422
145.393 156.134
157.757 151.656
170.417 149.176
182.866 150.517
192.472 157.389
124.429 185.584
126.016 196.639
127.345 207.893
128.89 218.837
120.323 232.945
125.956 233.444
131.765 233.325
139.153 232.015
145.699 230.256
82.85 191.883
90.4928 184.329
100.947 182.759
110.75 188.404
101.915 193.382
91.8336 194.757
148.73 181.78
156.378 174.915
166.821 173.596
177.049 179.051
167.842 183.531
157.986 184.06
112.121 260.443
117.749 253.27
124.395 247.672
132.751 248.557
143.416 246.372
153.652 249.457
164.433 253.606
156.871 260.848
146.582 264.802
135.284 267.026
126.51 267.302
118.412 265.373
125.629 256.252
133.049 255.549
144.549 254.241
145.021 257.147
133.867 258.607
125.579 259.37
