76.6166 168.228
84.218 162.027
94.4174 159.525
104.817 160.993
115.262 163.215
151.034 163.366
161.87 161.179
172.795 160.697
183.264 164.045
190.757 170.558
131.233 187.461
130.628 200.67
130.006 213.658
129.26 226.422
117.746 239.328
123.241 240.67
129.781 241.088
136.591 240.424
142.283 239.258
86.2346 190.178
94.4425 183.55
104.089 184.192
111.152 191.77
103.141 194.211
94.3086 194.022
153.967 191.67
161.638 184.385
171.154 184.426
178.581 190.981
170.722 194.76
162.089 194.598
105.275 268.951
112.328 263.429
120.222 259.529
128.621 260.853
138.184 259.928
146.66 264.274
154.169 269.26
148.125 277.444
139.457 282.296
128.912 283.589
118.826 282.343
110.369 277.352
118.681 267.031
128.718 268.023
139.67 267.198
139.781 270.551
128.941 271.766
118.691 270.692
