63.5428 175.284
73.9839 166.714
87.5872 162.51
101.15 163.256
114.053 167.268
149.5 157.039
156.344 149.929
164.676 145.323
173.764 142.739
182.452 145.357
132.853 178.208
137.116 194.557
141.424 211.106
145.083 226.845
127.286 235.667
135.546 236.387
144.333 236.383
152.238 233.381
159.239 229.176
84.4775 190.071
91.7934 184.724
100.75 182.813
108.812 186.237
101.651 190.701
93.423 192.281
150.558 177.596
156.908 171.121
165.343 167.985
172.527 170.473
167.847 177.503
159.676 179.147
116.398 261.414
126.234 256.028
136.142 252.784
146.622 252.61
154.765 250.258
162.85 250.123
171.497 252.022
165.491 260.013
157.885 265.581
147.949 268.351
137.16 268.055
126.776 265.411
135.429 257.567
146.58 257.83
156.113 255.069
156.646 257.027
147.133 260.605
135.675 260.483
