72.7594 163.854
77.9542 160.064
83.9112 156.451
90.4295 155.403
96.7043 156.739
135.951 151.07
146.026 146.346
157.418 142.963
169.709 141.454
180.891 146.702
120.213 182.766
119.179 193.581
117.254 204.031
115.387 214.6
111.495 234.665
116.749 234.835
122.606 234.325
131.255 231.916
139.392 227.816
81.775 189.836
87.9489 182.666
97.7192 182.623
107.472 188.511
98.352 191.55
89.2492 192.637
141.978 181.727
147.571 170.665
158.342 169.55
169.45 175.138
160.257 180.119
150.767 181.68
105.954 264.273
107.759 255.576
114.604 249.896
123.161 249.837
135.456 247.174
148.178 249.952
160.886 253.442
150.608 262.895
138.617 267.768
126.69 269.827
118.73 270.178
110.761 269.227
116.338 258.378
125.165 257.872
139.387 255.655
139.578 258.777
125.761 261.469
116.476 261.602
