63.5229 181.558
72.5178 174.685
83.1438 171.607
94.8895 170.139
106.2 171.543
143.763 163.916
154.804 158.216
166.305 154.823
178.13 153.541
187.542 157.948
131.569 194.003
133.53 208.225
135.847 223.221
138.165 237.808
127.301 248.774
133.859 249.49
141.129 249.749
149.207 247.07
156.458 244.307
83.4699 201.384
90.6663 195.595
99.2667 194.699
107.413 198.497
99.1479 200.09
90.6582 201.126
155.412 188.352
162.772 182.824
171.543 181.679
179.7 183.416
172.264 186.243
163.659 188.779
120.543 276.73
126.887 271.356
135.019 266.868
143.919 266.615
154.742 264.091
165.21 265.956
174.802 268.736
166.99 276.018
158.256 281.57
146.857 285.435
137.021 284.986
128.609 282.056
135.846 275.258
145.452 273.811
156.697 271.868
156.349 272.648
145.025 275.225
135.322 276.428
