72.8132 189.591
84.695 178.208
100.683 176.467
117.15 178.574
132.214 183.617
185.43 179.059
199.977 173.842
215.428 171.434
230.609 172.103
242.621 179.364
162.843 208.475
164.224 232.181
165.708 256.49
167.351 280.401
143.51 283.92
154.534 288.119
165.993 289.589
177.285 286.381
187.233 280.573
95.3289 208.516
106.89 202.64
120.816 203.47
132.388 211.966
119.762 214.282
106.286 213.667
190.756 206.425
200.87 197.146
213.962 196.737
226.603 199.771
215.123 206.62
202.708 207.607
124.19 326.726
139.206 320.677
154.197 317.667
169.633 320.927
182.606 316
195.95 315.962
210.31 318.606
201.883 337.802
188.362 350.834
170.174 357.483
149.984 354.839
134.617 344.302
149.594 325.054
169.27 326.529
187.244 322.118
188.292 334.979
169.689 342.066
149.035 337.949
