68.9808 173.202
76.6761 166.759
86.0475 164.133
96.6221 164.171
106.788 167.061
143.953 159.445
154.003 155.148
164.931 152.202
176.369 152.341
186.703 157.115
129.43 186.082
131.187 201.648
132.718 217.101
133.836 231.967
119.166 241.969
126.806 244.409
135.835 245.171
146.649 243.053
155.997 239.548
84.6005 194.304
91.7344 188.433
100.684 187.732
109.81 191.297
101.526 194.621
92.8088 195.684
150.437 185.986
157.208 180.811
165.988 180.096
173.55 183.029
166.618 186.684
158.041 187.936
114.22 265.971
121.452 260.325
129.456 257.315
138.216 257.625
148.537 255.816
158.953 257.904
169.405 261.023
163.186 269.623
154.523 276.487
142.532 279.792
130.951 278.382
121.104 273.803
128.279 265.497
139.82 265.664
151.564 263.687
153.74 266.81
141.548 269.517
129.403 268.273
