71.1809 148.914
83.0451 146.378
96.3466 147.8
109.167 151.247
121.071 155.804
161.638 159.31
172.942 158.921
183.225 159.738
193.133 163.039
201.999 169.091
137.586 185.54
136.066 199.957
134.862 213.901
133.738 227.45
114.577 237.339
122.014 239.965
129.915 241.84
136.913 242.048
143.298 241.986
87.0873 175.404
95.8253 171.177
105.61 173.129
111.809 181.88
102.253 182.921
93.3079 180.806
158.711 187.677
167.494 180.034
177.295 180.769
183.61 187.964
176.292 191.382
167.381 191.186
86.7725 259.546
98.9157 259.179
111.986 260.024
125.892 263.075
136.565 261.926
146.959 263.835
155.216 267.689
145.262 274.254
133.908 277.687
120.826 278.003
107.102 274.929
95.4654 269.029
110.34 265.994
124.302 269.188
133.435 269.198
132.825 270.131
122.355 269.696
108.955 267.625
