65.6086 158.684
73.6063 152.435
83.321 150.713
93.8347 151.748
103.861 155.583
149.912 152.219
161.944 148.709
173.641 146.695
185.051 148.452
194.452 153.774
128.386 182.586
127.767 199.438
127.282 216.285
126.963 232.819
116.505 242.794
123.038 243.711
129.507 244.145
137.736 243.121
144.801 242.607
80.733 184.958
89.1218 180.306
98.5345 181.073
106.862 186.129
98.0672 188.135
88.6379 187.815
151.615 183.728
160.148 178.908
169.573 178.82
179.382 180.68
170.741 184.386
160.438 185.47
110.365 271.596
118.301 268.762
126.586 267.843
134.932 269.265
145.495 267.333
155.632 268.22
165.075 269.905
156.261 276.452
146.723 281.419
135.24 284.023
125.282 282.705
117.313 278.103
125.592 274.204
135.695 274.824
145.715 273.358
144.974 274.391
134.567 275.581
125.229 275.596
