72.6959 149.488
82.4512 142.416
94.6599 139.36
107.273 140.024
118.911 143.558
161.305 144.7
173.418 140.974
186.254 139.628
198.312 142.099
208.179 149.547
142.217 167.521
142.23 177.628
142.699 188.461
142.871 199.583
127.523 215.455
134.798 216.067
143.152 216.423
150.951 216.287
157.666 215.748
90.6051 170.402
100.175 164.881
110.234 164.674
118.774 171.269
109.341 174.432
99.3429 174.506
165.592 171.577
173.543 164.903
183.876 165.148
193.132 171.095
184.683 174.752
174.601 174.711
114.575 245.964
123.24 238.408
132.693 232.751
143.911 233.796
154.037 232.232
163.434 237.266
171.16 244.585
163.419 250.568
153.855 253.612
143.772 254.788
133.279 253.871
123.472 250.913
131.447 242.507
143.504 243.115
154.972 241.875
154.323 241.423
143.415 242.067
131.747 241.698
