69.8548 124.054
78.5203 115.899
90.4131 113.521
102.977 116.291
114.862 121.223
151.906 119.574
162.837 116.887
173.941 115.483
184.032 119.276
191.423 126.571
133.217 149.966
132.678 161.122
132.096 172.276
131.406 183.466
116.83 191.441
123.235 193.3
130.069 194.537
136.935 194.492
143.274 193.409
85.8236 145.059
93.7211 140.652
102.279 140.803
108.678 146.016
101.314 148.434
92.8826 148.249
152.033 148.56
158.942 142.588
167.614 142.645
174.735 147.649
167.999 150.697
159.67 151.216
100.903 214.548
110.123 211.46
119.319 209.202
128.852 211.182
137.889 209.955
146.493 212.5
154.337 216.45
146.873 222.507
137.499 226.281
126.876 227.136
116.387 225.924
107.767 221.75
118.044 216.048
128.104 216.852
137.905 217.01
138.159 217.069
127.815 217.591
117.569 216.386
