69.1098 161.704
76.1358 151.894
86.2088 143.39
98.86 138.562
112.363 137.669
150.58 140.046
165.586 141.691
179.01 145.822
189.624 153.692
196.962 162.796
132.395 176.085
132.468 188.664
132.518 201.258
132.693 213.017
115.396 226.62
123.281 228.342
132.666 228.816
141.852 228.709
149.744 227.354
88.6547 176.484
96.649 171.143
105.533 171.43
112.931 177.696
105.131 179.6
96.4031 179.657
152.57 177.147
160.218 171.269
169.061 170.695
176.503 176.194
169.308 179.384
160.889 179.76
101.441 255.591
111.013 249.586
121.49 244.233
133.037 245.577
143.378 244.638
152.667 250.771
160.447 257.875
151.385 259.699
141.85 260.952
132.087 261.159
121.753 260.416
111.677 258.536
121.629 253.782
132.871 253.896
142.587 254.445
142.768 253.794
132.654 253.32
120.915 253.228
