66.8624 180.217
77.5261 171.948
91.6275 169.578
106.348 170.8
119.857 175.397
155.297 170.705
166.743 163.463
179.418 159.327
192.357 160.621
201.727 167.992
141.022 203.683
143.181 218.1
145.028 231.988
146.85 246.896
129.053 267.089
136.427 268.843
145.277 269.733
152.818 269.042
158.751 267.658
81.6298 204.334
91.7782 196.76
104.07 196.582
113.146 204.898
103.444 208.661
91.3837 208.746
159.844 203.511
168.96 194.985
181.268 193.557
190.901 200.281
182.624 206.611
170.999 206.841
107.373 298.933
117.993 294.65
129.649 291.005
142.123 292.799
152.428 291.712
161.698 295.728
170.813 300.065
162.779 305.602
153.404 308.677
142.667 309.275
130.332 308.071
118.449 304.917
127.694 298.062
141.836 299.631
154.126 299.02
154.201 299.835
142.153 300.741
127.801 298.897
