67.4895 165.188
76.1922 157.73
88.0973 154.299
100.544 154.064
112.848 156.142
130.954 145.524
138.828 136.115
148.125 128.037
159.125 123.256
170.017 125.557
125.986 165.696
131.764 179.167
137.518 193.096
142.915 207.211
129.245 218.843
137.352 218.893
145.095 216.967
150.897 213.385
155.293 208.389
84.7353 185.119
91.7291 180.465
99.5691 178.028
106.92 176.751
100.501 181.816
93.1179 184.787
143.429 161.366
149.372 156.296
157.375 153.656
164.914 153.781
158.386 158.065
151.211 160.752
120.899 249.097
129.416 240.31
139.445 233.92
149.832 231.776
157.105 226.844
165.487 226.523
173.407 228.294
169.435 239.051
163.592 247.831
154.185 253.719
142.825 256.678
131.101 255.212
136.937 241.291
150.577 236.518
159.962 232.417
160.981 237.254
151.625 244.227
137.809 247.422
