71.3632 147.305
80.2734 141.017
91.4548 138.247
102.734 140.902
113.538 146.062
161.014 149.086
171.686 145.174
182.816 142.924
193.543 144.952
203.153 150.242
137.149 170.363
136.15 184.512
135.615 198.727
135.251 213.599
116.259 225.206
125.349 227.599
135.155 229.235
144.413 227.904
152.656 226.259
85.2629 165.839
93.789 159.257
104.504 159.619
112.058 168.634
102.656 171.208
92.5929 170.254
161.747 170.99
169.709 162.894
180.478 163.667
189.722 170.514
180.756 174.528
170.563 174.395
101.175 254.231
110.745 250.788
121.412 249.097
132.164 251.631
143.96 250.252
155.045 254.395
165.485 257.594
156.189 265.186
144.665 270.261
131.39 271.538
119.052 269.001
108.536 262.761
119.469 257.286
131.865 259.253
144.643 259.367
145.476 259.213
132.026 260.161
119.245 257.571
