76.0772 98.9417
81.631 91.37
91.1869 87.6289
101.403 87.2216
110.945 89.7138
159.398 94.1649
170.682 94.2706
181.672 96.8835
191.837 101.974
199.181 109.588
134.775 121.836
134.015 132
133.181 141.683
132.264 151.698
116.697 162.74
124.12 164.978
132.216 166.812
140.827 166.628
148.992 165.805
85.4653 119.377
93.8904 113.413
103.242 113.937
110.192 120.291
102.355 123.244
93.2862 122.635
158.818 125.387
167.106 119.019
176.9 119.493
184.116 126.091
176.031 129.135
167.251 129.128
104.184 183.54
113.127 180.135
122.639 178.539
131.519 181.272
142.591 180.839
153.088 184.599
163.164 188.968
153.809 196.483
142.518 200.415
130.134 200.736
119.229 198.06
110.508 192.01
118.736 184.777
131.319 187.453
145.91 187.53
145.873 190.515
131.222 191.103
118.517 188.334
