67.763 162.795
75.4775 156.894
85.3001 153.796
94.9865 153.327
104.708 155.172
153.199 152.401
164.555 149.729
175.774 149.655
186.402 153.618
195.462 160.784
133.988 179.819
135.683 190.845
137.835 201.947
140.016 213.006
125.158 227.873
132.698 229.259
141.824 229.852
150.801 227.346
158.137 224.685
80.3425 184.767
87.5928 175.14
99.557 174.316
108.437 182.178
99.5058 185.709
89.9051 186.581
157.102 179.661
164.596 170.323
176.304 169.927
185.7 178.317
175.93 181.74
165.986 181.468
110.487 258.242
119.369 248.028
131.672 241.718
144.523 241.343
158.67 240.335
172.022 243.824
182.545 251.193
174.033 262.08
161.765 267.764
146.939 270.506
132.347 270.464
118.379 267.504
130.399 250.068
145.123 249.348
162.138 247.006
162.99 258.641
145.511 260.713
130.6 261.926
