73.9531 128.344
82.7201 122.597
93.7664 121.42
104.768 123.527
115.764 126.837
162.363 126.278
173.438 123.604
184.005 121.703
194.716 122.391
203.022 128.477
139.121 147.722
139.853 161.331
140.294 174.928
140.731 188.528
121.953 196.131
131.105 198.453
141.375 199.717
151.425 197.828
160.778 194.642
91.0198 149.841
99.9712 145.53
109.073 145.345
117.878 150.412
109.045 152.221
99.7334 151.821
162.706 150.88
170.807 145.788
179.81 145.738
188.861 149.342
180.472 152.083
171.189 152.522
110.069 221.544
120.446 216.552
131.451 213.925
142.886 215.284
154.507 213.563
166.824 215.414
178.958 218.035
170.752 228.673
158.791 235.836
144.407 238.338
129.88 237.224
118.227 230.951
131.546 219.94
143.081 221.036
155.166 219.703
156.161 225.929
143.406 228.917
130.984 226.897
