73.7979 166.002
82.0506 160.378
91.6663 157.881
101.522 157.999
111.477 159.387
143.748 157.324
154.349 153.993
165.208 152.513
176.008 154.259
185.357 159.383
128.81 181.018
128.401 193.795
127.758 206.53
127.071 219.286
117.003 235.348
123.409 235.936
130.168 235.945
138.161 234.788
146.105 233.653
84.3143 186.945
92.0842 181.053
101.824 180.189
110.407 185.466
101.918 188.197
93.179 188.582
150.188 181.943
158.158 175.892
168.14 175.475
175.928 181.216
167.654 183.595
158.782 183.392
105.81 261.736
112.779 256.426
121.447 252.466
130.791 251.786
142.706 251.307
153.776 254.549
164.635 258.863
156.013 265.917
146.25 272.056
134.522 274.241
123.428 273.432
113.81 268.654
120.796 259.726
131.6 258.539
145.809 257.98
146.537 261.793
132.657 263.869
121.015 264.027
