79.357 160.339
89.9383 155.218
101.784 154.529
113.656 157.451
125.04 161.605
154.103 157.111
165.62 152.662
177.837 149.663
189.829 150.868
200.375 156.401
139.812 182.061
139.677 193.622
139.298 205.177
138.551 216.402
120.016 233.191
128.802 233.851
137.811 233.984
146.876 233.974
156.434 233.313
90.7559 182.847
98.3755 178.77
106.733 178.898
115.007 183.835
106.349 186.752
97.8593 187.011
164.962 182.3
172.004 174.872
181.198 174.231
189.818 179.458
182.193 184.093
173.471 184.23
106.99 261.317
117.655 257.856
127.536 255.304
137.713 256.629
149.228 255.107
161.103 257.684
173.819 260.276
162.033 265.864
150.586 270.392
138.211 272.047
126.801 270.952
116.576 267.288
125.57 262.62
138.205 262.926
152.154 262.03
151.997 261.546
138.037 261.884
125.458 261.293
