72.0855 161.68
80.7446 149.835
94.4519 142.971
109.511 141.825
125.273 144.045
162.468 141.581
178.623 140.127
194.296 142.3
208.186 149.295
217.864 161.445
143.48 167.639
142.841 180.741
142.476 194.344
141.995 208.192
126.861 229.24
134.074 229.261
142.249 229.734
150.774 229.751
158.77 229.898
84.4349 173.841
94.8365 167.386
107.336 167.157
117.912 174.54
106.102 176.517
94.3956 176.969
171.517 173.883
182.766 166.223
195.323 167.866
205.981 175.185
194.765 177.511
182.904 176.704
114.566 267.066
120.747 258.563
130.678 253.82
141.981 253.918
154.043 254.344
164.526 259.209
171.908 267.244
163.42 273.198
153.364 275.652
141.332 277.432
130.011 275.968
121.241 273.275
130.691 263.542
141.743 265.106
153.487 264.258
152.653 265.995
141.589 267.078
131.385 265.411
