68.8053 164.302
79.4546 158.388
92.1612 159.022
104.182 162.396
115.911 167.322
153.19 173.608
163.386 172.138
173.715 171.865
184.005 174.473
191.71 180.299
133.117 192
132.15 208.904
131.012 225.716
129.501 241.99
111.051 248.153
118.865 251.379
127.653 254.141
135.164 253.937
142.157 252.596
79.6524 185.634
89.5296 179.067
101.482 180.133
110.373 190.301
99.4122 191.565
88.0882 189.788
150.266 195.882
159.492 188.843
170.989 188.877
179.06 197.464
169.667 199.429
159.182 198.856
96.4627 267.754
104.44 263.006
114.38 262.346
125.127 265.664
134.895 265.385
143.718 268.319
149.907 274.012
141.555 281.325
131.402 284.455
120.373 284.851
110.424 281.634
102.343 275.866
114.147 267.613
124.016 271.065
133.27 271.372
131.839 274.813
122.005 274.868
112.786 271.788
