81.4763 151.049
88.1159 145.222
96.9274 142.98
105.856 142.581
114.341 144.504
154.085 143.221
162.975 139.604
172.546 139.517
181.786 141.517
189.254 146.449
133.386 167.008
134.142 177.145
134.466 186.875
134.861 196.443
121.205 211.444
128.244 212.613
135.25 213.037
142.442 212.683
149.418 211.381
91.9094 165.52
98.5115 160.692
106.58 160.176
111.747 165.746
105.927 168.438
98.5703 168.585
157.295 164.531
163.256 158.896
171.671 158.558
177.995 163.563
171.136 166.81
163.63 166.939
107.31 234.652
115.659 229.435
124.865 225.434
135.254 226.348
146.248 225.215
156.527 229.363
165.217 235.245
157.029 242.33
147.599 247.401
136.307 248.729
125.103 247.14
115.493 241.856
123.845 234.65
135.459 235.365
147.396 234.225
147.764 236.137
136.2 236.971
124.282 236.116
