71.6772 169.734
78.15 164.528
86.2893 162.51
94.9024 162.367
104.413 163.115
150.807 160.317
162.11 158.503
173.538 158.333
183.842 161.295
192.152 168.151
130.361 192.646
129.316 204.411
128.324 215.927
127.364 227.41
114.226 238.028
120.721 239.461
127.936 239.987
136.143 239.439
143.579 238.352
84.8885 189.41
92.2291 184.156
101.303 184.15
108.04 189.338
100.76 193.081
91.974 192.818
155.494 188.075
162.095 182.536
171.41 182.432
179.678 187.259
172.261 191.108
162.912 191.763
103.55 264.178
111.384 260.813
119.145 258.692
127.502 258.918
136.953 258.486
146.192 260.412
155.615 263.894
146.856 268.232
137.499 271.38
127.221 273.179
118.436 271.661
110.55 268.434
117.109 263.953
127.86 264.399
140.063 263.877
140.068 264.654
127.908 266.037
117.591 265.117
