78.5286 158.244
86.2615 150.183
96.4047 147.381
106.471 147.854
117.404 148.865
158.907 147.577
170.194 146.121
180.527 145.151
190.885 148.314
198.649 155.408
140.048 178.134
139.773 190.91
139.682 203.693
138.9 216.438
124.602 228.667
131.569 228.592
138.673 228.691
146.204 228.794
152.77 228.642
89.0928 179.609
97.8832 174.653
108.108 174.634
116.281 181.102
107.297 184.203
96.9503 184.072
161.871 180.314
168.811 173.613
178.709 172.722
187.716 177.569
180.448 182.237
170.637 182.931
111.688 256.985
117.255 250.064
126.291 245.581
136.258 247.104
146.652 246.265
155.952 250.985
162.605 258.479
155.816 263.713
147.046 266.194
136.882 266.916
127.006 266.097
117.929 262.933
126.961 253.981
136.799 254.793
147.064 254.582
147.181 256.224
137.278 256.103
127.514 255.747
