71.5206 166.049
78.5634 160.21
88.4026 157.929
98.7206 158.032
108.833 160.533
142.57 153.693
153.943 149.94
165.669 148.182
177.291 149.994
186.845 156.162
128.474 181.265
129.099 196.191
129.367 210.879
129.301 225.632
119.841 238.587
126.198 238.712
133.158 238.818
140.451 237.33
147.25 235.573
85.1818 191.235
93.4397 186.026
102.699 185.627
111.022 190.07
102.443 191.763
93.6967 192.275
151.538 184.384
159.346 178.177
168.873 176.603
177.064 180.125
169.592 183.553
160.468 184.768
110.596 261.16
117.856 257.356
126.226 255.082
135.234 255.003
147.095 252.65
158.205 253.508
168.404 255.493
160.744 264.773
150.424 270.492
138.274 272.354
127.389 273.197
117.136 269.135
124.355 261.952
135.883 260.883
150.902 258.65
151.038 260.948
136.485 262.678
124.631 263.885
