68.2273 166.161
77.4193 159.276
88.6147 155.584
101.151 156.869
113.116 160.12
151.266 161.301
162.489 158.279
174.49 156.949
185.312 158.943
193.622 165.791
131.737 187.152
132.562 200.638
133.159 213.85
134.01 226.779
118.411 239.533
125.519 241.146
133.485 241.569
140.786 241.352
147.495 240.025
82.7558 187.66
90.8015 182.848
99.9972 182.471
108.184 187.457
99.788 190.896
90.5146 191.185
153.464 187.155
161.212 182.363
170.492 182.496
178.186 187.17
170.805 190.411
161.784 190.218
100.883 270.696
109.584 263.167
120.912 259.804
133.324 260.158
144.799 259.618
154.802 263.423
161.007 271.739
153.009 277.913
143.344 280.774
132.774 282.065
120.728 280.738
110.158 277.467
120.15 270.112
132.813 269.565
144.615 270.297
144.526 271.677
132.684 271.814
119.821 271.848
