70.8574 105.313
79.1609 98.7576
89.6392 94.6969
100.766 94.557
111.039 97.6075
141.34 94.1398
152.259 88.8608
164.361 86.6424
176.142 89.4518
185.743 95.3468
127.686 118.55
127.848 130.455
128.148 142.643
128.133 154.494
115.65 172.581
122.426 173.276
129.808 173.468
137.616 172.855
144.868 172.182
82.7891 131.73
90.8159 127.976
99.2823 126.951
107.477 128.351
99.7981 131.319
91.3868 132.323
150.593 123.485
158.794 120.68
167.292 120.664
174.626 123.476
166.398 124.874
158.226 125.12
106.662 206.912
113.267 198.475
121.294 191.845
132.372 192.04
143.436 190.672
153.107 195.899
161.833 203.368
154.598 206.999
144.807 208.834
134.821 209.481
124.64 210.493
114.912 209.8
119.555 201.786
132.99 199.666
147.86 199.735
147.507 199.951
132.998 200.715
119.829 202.29
