70.2876 124.582
80.757 117.241
93.8663 116.775
106.801 120.024
119.519 124.841
152.016 123.732
163.449 121.621
174.635 121.031
185.598 123.44
193.747 130.319
135.245 148.303
134.257 161.789
133.118 175.49
132.043 189.392
116.931 195.857
123.578 198.821
130.892 200.429
137.66 200.125
143.91 199.011
87.7663 145.084
97.1318 140.577
106.511 141.358
113.685 148.41
105.577 150.811
95.9825 150.172
151.882 151.825
159.377 145.477
168.428 145.926
175.567 151.957
168.238 155.779
159.333 155.62
97.8397 218.241
107.841 216.27
117.878 214.777
128.154 217.862
137.163 217.065
145.372 221.301
153.177 226.151
145.046 231.301
135.854 234.574
126.138 234.406
115.491 231.524
106.173 225.783
115.488 220.909
127.327 222.817
136.742 224.004
136.722 224.255
127.618 224.145
116.191 221.26
