67.5547 169.918
75.844 162.977
87.4296 160.234
99.4845 161.066
110.459 164.532
146.483 159.564
157.844 155.554
169.943 153.726
181.531 156.067
190.612 161.751
129.898 183.082
130.6 195.137
131.121 207.254
131.731 218.545
118.86 234.669
124.361 234.864
131.521 235.166
138.748 234.331
145.044 234.261
78.1402 189.211
86.3357 184.811
95.8238 183.505
105.849 186.114
96.6763 187.398
87.0899 187.929
153.568 181.926
162.706 178.891
172.068 179.654
180.333 182.755
171.769 182.511
162.543 182.231
104.827 267.944
111.586 259.972
120.782 255.382
131.637 254.908
143.422 254.584
154.052 259.183
163.474 265.936
156.13 274.563
145.46 279.665
133.379 281.378
121.578 280.734
111.475 276.082
120.068 264.906
132.445 263.902
146.795 264.472
147.326 270.167
133.068 271.377
120.076 270.606
