70.8006 162.129
79.016 156.278
88.7427 154.727
98.8565 155.482
108.796 158.332
141.878 155.56
155.378 152.003
169.419 151.255
182.747 154.851
194.303 160.767
128.618 185.934
126.977 201.569
125.312 216.174
123.698 231.381
110.034 240.386
117.175 244.056
125.011 246.208
135.816 244.176
145.961 240.699
80.6231 185.002
88.545 178.121
99.3922 179.321
107.872 185.595
98.4017 188.713
88.0677 188.627
152.333 185.894
159.565 178.267
170.631 178.152
180.866 184.696
172.484 188.197
161.351 188.9
102.264 264.879
108.927 260.121
118.261 258.651
127.79 260.732
141.8 259.395
155.859 261.613
168.843 267.609
159.193 279.42
146.103 288.986
130.818 291.637
117.793 288.003
107.737 278.08
114.659 265.058
129.314 266.666
148.732 266.221
150.254 275.656
130.005 277.142
113.786 274.745
