75.0991 165.858
82.099 158.633
92.1761 154.496
103.457 153.687
114.543 155.079
155.599 153.931
167.495 152.182
179.417 152.703
190.647 155.745
199.997 162.421
135.678 178.461
135.617 191.114
135.404 204.218
135.048 217.09
123.734 233.021
129.597 232.707
136.303 232.509
142.704 231.614
149.314 231.181
88.4611 185.335
94.7327 179.411
104.584 178.831
114.017 184.062
105.255 187.631
96.2618 188.505
159.206 181.889
167.506 176.343
177.066 176.362
185.261 181.723
176.719 185.28
167.773 185.168
111.688 264.034
118.895 257.888
127.84 253.612
138.005 253.941
148.236 252.643
158.263 255.673
167.412 260.867
158.899 267.109
148.515 270.627
137.169 272.033
127.827 271.489
118.96 268.665
125.95 261.673
137.89 262.074
150.807 260.68
151.054 262.46
137.505 264.01
125.961 263.209
