70.9295 109.803
77.7858 103.366
86.3906 99.6635
96.2941 96.5147
106.932 96.1634
155.599 96.1603
165.636 95.9753
175.253 98.2522
184.268 102.205
191.488 108.881
132.294 122.842
134.226 137.271
136.454 151.739
138.719 166.275
124.66 183.33
131.34 182.37
138.861 181.975
145.743 181.89
151.012 181.621
89.5732 129.435
96.9966 122.217
106.548 122.027
114.003 130.043
105.536 132.464
96.7999 132.642
153.774 129.966
160.178 121.647
169.171 121.485
177.404 128.178
170.349 131.64
161.55 131.78
116.012 211.331
121.749 205.135
130.921 201.602
141.448 201.013
151.701 200.097
160.561 202.631
165.849 207.797
162.17 217.434
154.672 225.518
143.035 229.348
130.82 226.245
122.16 219.498
131.372 207.282
142.141 207.188
152.174 205.391
152.308 217.734
142.075 221.25
130.769 218.951
