82.2221 153.567
92.6676 145.351
105.92 143.736
119.414 146.899
131.187 153.287
163.399 149.434
176.318 145.296
189.723 142.624
203.296 144.653
214.878 150.919
148.852 178.282
149.08 193.588
148.994 209.266
148.436 225.089
133.98 238.468
141.591 239.021
149.456 239.444
158.479 238.653
166.056 237.665
95.5493 177.571
105.318 172.48
116.112 174.181
126.103 182.028
115.089 183.669
104.76 182.724
173.798 180.695
181.578 171.596
192.242 170.412
203.225 175.727
194.18 180.772
184.072 181.781
120.863 273.129
129.836 266.656
139.95 262.222
149.862 264.301
161.826 262.003
173.803 265.594
184.299 270.584
173.899 277.325
162.358 282.005
149.615 283.855
138.679 283.336
128.978 279.504
139.601 271.622
150.099 271.874
163.184 270.526
162.783 271.33
149.523 273.109
139.374 272.54
