74.1697 171.712
81.2837 164.435
91.2362 161.525
101.94 161.84
112.916 164.335
143.651 161.999
155.893 157.793
167.93 155.822
179.598 158.117
188.214 166.14
129.701 188.24
130.238 200.719
130.622 212.808
130.837 225.29
119.238 236.357
125.299 236.861
131.994 236.806
139.362 235.857
145.921 235.024
89.6538 191.419
96.7842 188.192
104.48 187.005
111.889 189.006
104.604 189.368
97.0219 189.938
150.573 187.25
158.356 184.783
166.241 184.661
173.615 186.495
166.164 187.378
158.442 187.31
104.933 258.046
112.014 251.362
121.761 247.772
132.598 248.084
144.448 247.639
155.212 250.538
164.308 255.424
156.534 264.717
146.823 272.387
133.939 275.487
121.515 273.963
111.655 267.347
118.71 255.889
132.841 255.486
147.983 255.184
148.866 263.698
133.163 266.322
118.345 265.164
