68.108 171.335
77.9505 164.612
90.3132 163.046
102.869 163.489
115.683 165.554
151.286 168.006
161.72 167.08
171.384 167.472
180.525 168.69
188.339 173.227
134.934 192.755
135.131 206.404
135.485 219.923
135.551 233.293
115.591 239.012
123.449 243.732
132.465 245.918
140.854 244.674
149.433 241.97
85.1828 189.461
93.4013 184.121
102.892 183.847
110.351 190.023
102.001 192.017
93.3689 191.817
151.062 193.948
159.439 187.667
169.317 187.391
177.139 193.549
169.021 196.164
159.678 195.773
93.2981 263.713
105.281 258.523
118.488 257.809
131.334 259.589
143.023 258.659
154.786 260.468
165.314 264.664
157.177 277.27
145.022 285.46
129.569 286.703
114.255 283.89
101.028 275.797
114.795 264.868
130.164 266.537
146.014 266.021
147.831 275.879
129.873 277.509
112.399 274.859
