80.9135 149.507
89.906 142.715
101.667 140.612
112.785 143.464
123.722 147.573
167.452 146.928
178.688 143.772
190.005 142.183
200.444 144.41
207.488 151.064
144.764 174.439
143.895 186.761
143.212 199.574
142.364 212.438
123.633 222.376
131.494 225.281
140.481 227.216
149.74 226.641
157.429 224.797
91.9112 168.951
102.023 164.035
112.815 164.758
121.329 171.607
111.575 173.98
101.126 172.809
169.5 174.293
178.384 166.739
188.995 166.471
198.326 172.363
189.238 175.868
178.804 176.158
107.686 251.788
117.146 246.491
126.714 242.54
137.185 246.142
148.571 244.623
158.477 250.03
168.523 255.024
160.019 262.592
148.568 267.534
135.269 268.377
123.653 265.731
114.104 259.931
125.408 252.477
136.976 253.713
148.734 254.396
148.557 256.952
136.503 258.146
124.991 256.039
