64.7149 182.602
71.8278 176.553
80.2343 172.28
90.067 169.9
100.694 168.212
144.097 157.417
155.631 152.841
167.753 149.725
180.15 147.755
191.23 150.363
126.157 185.102
127.325 199.59
128.228 214.383
129.298 229.003
121.52 244.933
128.858 245.376
136.01 245.248
145.481 241.614
153.941 237.329
82.3525 202.22
88.1933 194.25
98.3006 191.068
108.8 194.503
100.789 200.123
91.5245 202.638
157.552 181.997
165.165 176.695
175.242 175.242
184.913 179.261
176.46 183.133
166.43 184.443
116.6 276.427
123.936 271.216
133.097 266.505
144.022 265.644
157.892 260.622
172.423 259.206
187.535 257.425
175.247 265.559
162.16 270.688
147.993 275.445
136.576 277.319
126.077 278.092
133.989 272.36
146.052 270.723
163.093 265.49
162.784 264.519
145.689 269.748
134.093 271.233
