71.9624 149.529
79.9066 145.667
89.8886 144.465
100.504 143.7
111.526 145.273
143.547 143.5
155.422 141.224
166.75 141.398
178.196 142.91
188.823 146.221
129.642 165.476
129.812 180.681
130.198 195.912
130.951 210.496
116.272 215.683
122.549 217.92
129.907 219.37
137.109 217.702
143.342 214.788
81.3563 166.689
88.8499 160.343
98.5588 159.841
108.073 165.793
98.9904 169.378
89.5852 169.646
153.069 164.118
160.983 156.968
170.441 156.75
178.638 163.372
170.614 166.726
161.376 166.333
100.343 242.05
109.769 238.728
119.963 237.007
131.211 238.873
143.632 236.817
154.957 237.348
166.815 239.115
156.88 248.011
144.611 252.452
130.997 254.153
118.727 252.699
108.168 249.312
118.39 242.14
131.021 242.87
144.809 241.327
145.483 244.695
131.062 246.62
117.954 245.665
