74.9953 172.576
80.8398 166.546
89.2045 164.732
97.2474 164.854
105.159 165.74
151.366 159.671
161.794 155.158
173.363 152.082
185.139 153.012
193.569 159.397
131.426 191.17
131.084 202.036
130.682 212.752
130.635 223.677
116.845 237.386
123.971 238.04
132.294 238.347
141.257 236.719
150.06 233.904
89.3915 196.75
96.7853 190.869
105.571 190.383
113.379 194.229
105.453 197.483
96.8791 198.297
156.463 186.599
163.352 181.139
172.473 180.774
180.328 184.503
172.992 187.242
164.435 188.354
109.002 263.616
114.18 255.547
123.773 251.653
134.251 250.803
146.284 249.66
158.802 251.681
168.433 259.244
160.564 267.804
149.611 272.887
137.155 276.154
125.689 276.307
115.451 271.795
126.66 260.154
135.652 259.836
147.693 258.86
148.421 263.688
136.367 265.663
127.107 266.231
