73.8956 166.715
84.3116 162.385
96.057 160.605
107.813 162.465
119.254 166.609
159.237 173.194
167.878 172.958
176.45 174.246
184.324 177.974
191.42 183.835
137.287 186.289
135.725 197.827
134.08 209.399
132.159 221.135
113.999 230.843
121.419 233.467
130.152 235.572
138.19 235.413
144.862 235.079
83.8436 183.366
92.6603 177.343
103.036 178.488
110.87 185.867
101.628 184.939
92.0612 184.128
157.08 194.709
165.865 190.285
174.916 191.756
182.593 199.39
174.184 198.412
165.452 197.075
89.9702 248.413
101.78 243.685
114.744 243.772
128.221 246.065
140.063 247.109
151.687 250.658
160.314 257.684
152.269 268.312
138.519 273.119
123.394 272.517
108.158 268.945
96.3426 261.078
108.466 249.21
126.974 252.047
143.479 254.074
143.032 266.656
124.937 266.172
105.885 261.778
