67.3832 87.2163
72.4109 79.6524
80.8556 77.7927
90.38 79.5611
99.0161 83.4343
132.922 82.667
146.706 79.0966
160.625 79.6869
173.435 84.2466
182.833 94.1885
117.074 108.139
114.152 118.48
110.902 128.068
107.17 137.181
96.6982 151.806
102.211 154.28
110.096 155.62
119.712 155.467
128.886 154.274
77.2896 114.152
84.1827 107.195
93.603 107.262
101.128 114.613
92.7654 116.827
83.6389 116.376
142.793 115.96
151.675 109.418
161.441 110.015
169.184 116.704
160.705 118.246
151.168 118.272
87.6923 178.198
93.1399 175.211
101.479 173.924
109.87 174.796
121.755 175.252
133.638 178.324
146.139 180.698
135.051 184.186
122.925 186.263
110.193 186.436
101.062 185.216
93.7264 182.476
102.571 177.661
109.829 178.765
123.514 179.044
123.677 179.835
110.291 179.656
102.762 178.721
