84.4053 92.347
90.1588 87.3944
97.3767 85.3198
105.215 86.8282
112.215 90.5639
158.308 96.7353
167.543 95.6539
176.618 95.7978
185.144 98.992
191.686 105.801
130.591 122.679
127.493 134.469
124.561 145.956
122.321 157.63
112.809 171.139
118.337 173.606
123.941 174.598
131.675 174.134
138.805 172.26
88.222 124.268
94.8894 120.57
103.692 121.521
111.318 127.144
102.972 128.407
94.7442 128.157
152.84 130.462
161.083 128.058
169.999 128.139
178.56 131.324
169.727 134.006
160.591 133.49
102.532 200.31
108.453 193.817
116.057 190.472
123.961 192.133
134.261 191.735
144.476 195.955
153.753 202.337
145.325 209.395
135.333 214.279
124.519 215.419
114.956 213.466
107.233 208.341
116.48 198.326
124.126 199.032
134.764 199.576
135.076 202.877
124.63 204.34
116.347 202.493
