78.5485 159.918
87.4908 148.89
100.662 142.346
114.702 143.053
127.997 147.349
176.426 147.73
184.678 141.338
194.177 137.591
203.122 139.468
210.367 147.148
158.496 185.966
163.324 200.95
168.455 215.596
172.698 230.537
149.698 249.402
158.852 250.349
167.996 249.901
174.118 248.137
180.18 245.157
91.7713 190.961
103.267 185.96
114.049 184.942
123.843 190.942
114.456 195.593
102.497 196.356
178.592 185.537
187.388 178.49
196.971 176.105
206.094 181.114
198.481 187.123
188.624 187.801
134.734 289.68
145.568 280.612
156.332 272.94
168.942 273.104
177.424 270.67
184.459 274.264
188.857 281.04
185.685 288.755
179.144 294.97
170.566 297.561
158.121 298.295
145.646 295.675
156.157 283.231
169.447 282.228
178.059 280.733
178.762 282.694
170.078 284.991
156.148 286.468
