72.2565 132.894
80.0243 127.529
89.8066 125.197
100.398 125.769
110.973 128.607
157.727 129.491
168.992 125.918
180.383 125.903
190.577 130.143
197.568 137.74
133.061 153.205
131.885 167.374
131.169 181.165
130.57 194.717
116.285 207.478
123.254 208.045
130.866 208.452
139.218 207.873
146.701 207.488
84.2242 155.121
92.4398 148.336
103.105 148.614
112.559 155.003
102.971 158.761
92.4827 159.006
154.786 155.383
164.189 148.534
174.726 148.913
183.571 155.287
174.821 159.467
164.385 158.942
106.117 234.12
113.588 229.174
122.75 226.143
132.321 227.689
141.977 226.068
151.336 228.781
158.737 234.237
150.7 238.619
142.078 241.522
132.003 243.293
122.29 241.594
113.491 239.135
121.4 232.282
132.139 232.718
143.203 232.334
142.965 232.707
131.805 233.908
121.488 233.068
