76.7835 165.111
85.1246 157.661
96.8115 154.717
109.435 155.89
121.342 160.23
151.43 161.941
164.776 159.762
178.773 161.258
191.733 167.014
200.698 176.421
134.487 181.771
131.822 195.237
128.695 208.672
125.41 222.132
109.413 232.833
116.605 236.102
125.091 238.103
135.217 237.941
144.664 236.289
88.224 184.919
95.7594 182.197
104.825 182.458
112.884 185.05
104.243 185.851
95.6448 185.375
158.56 189.126
167.205 187.052
176.129 189.365
183.616 193.983
175.05 193.328
166.537 192.072
94.3151 260.892
103.253 255.463
113.512 253.337
123.272 255.617
134.306 256.266
144.719 261.084
155.027 266.982
143.43 270.294
131.61 271.946
119.349 271.722
109.808 269.57
101.542 266.111
109.606 260.305
122.451 261.52
136.247 263.349
135.536 263.706
120.747 262.169
108.818 260.651
