68.7156 163.979
77.079 153.312
89.9469 148.574
103.561 151.345
116.371 157.591
148.104 159.323
157.743 154.176
168.445 151.741
178.44 155.252
184.316 164.003
134.053 179.755
136.494 191.777
139.019 203.97
141.171 215.71
117.99 226.372
127.062 229.249
136.517 230.862
143.143 229.487
149.516 226.97
79.8833 185.565
88.8984 180.812
98.8579 180.487
106.685 185.106
98.5576 188.388
88.8413 188.369
149.95 186.444
158.815 181.87
168.223 182.999
175.426 188.405
167.548 190.897
158.257 189.716
99.4193 248.804
110.722 246.378
121.493 244.844
131.989 246.39
139.978 245.414
147.606 246.995
154.381 251.353
147.374 256.027
138.732 258.589
129.46 258.707
118.62 258.154
108.401 254.745
116.506 249.791
131.126 251.146
141.876 251.015
141.691 251.651
130.629 251.588
115.992 250.681
