70.3828 163.24
78.0666 153.861
89.7361 149.26
102.513 149.494
114.45 153.032
149.556 154.368
161.836 150.886
174.522 151.179
186.458 155.099
195.461 163.407
133.314 177.104
133.159 190.792
133.129 204.652
132.606 218.552
117.609 228.468
125.356 230.63
133.331 231.61
142.186 230.363
150.736 227.752
84.5714 181.086
92.4842 177.246
101.253 176.333
109.884 178.52
101.453 180.061
92.8538 180.757
155.6 179.166
164.676 176.398
173.521 177.05
182.376 180.435
172.954 180.692
164.079 180.538
104.999 253.414
113.894 249.556
123.109 245.969
132.885 247.159
144.194 245.874
154.742 248.869
164.346 252.421
154.556 255.073
144.165 257.199
133.319 258.366
122.887 257.998
113.556 256.466
122.039 252.133
133.344 251.659
146.066 251.155
146.013 252.727
133.104 254.176
121.912 253.966
