78.6802 152.83
86.3084 149.354
95.6347 149.394
105.127 152.115
114.497 154.785
149.278 157.691
160.273 155.786
171.161 155.315
181.522 156.711
189.847 162.295
129.805 182.894
128.571 195.767
126.936 208.417
124.889 220.988
113.835 229.305
119.762 231.815
125.825 232.514
133.732 232.15
141.416 230.025
89.9219 175.01
97.4231 173.005
106.421 174.446
112.996 179.732
104.006 181.678
95.1594 180.659
154.677 184.261
163.054 179.674
172.97 180.169
181.838 184.702
172.457 187.912
162.658 187.639
101.269 253.228
109.223 250.339
117.963 249.175
126.598 250.862
134.926 249.659
143.449 252.02
151.521 256.512
143.712 261.122
134.865 263.25
125.469 263.313
116.642 261.947
108.403 258.564
115.162 254.765
126.492 255.699
138.073 255.532
138.033 256.244
126.419 256.525
115.033 255.186
