67.0025 138.039
76.7658 129.698
89.2873 126.567
101.838 129.167
112.754 134.242
149.697 134.846
159.883 131.361
170.563 130.882
180.348 134.644
187.469 141.207
130.055 162.581
129.499 175.186
129.203 187.609
128.681 199.794
116.074 214.6
121.968 215.161
127.857 215.525
133.662 216.048
138.727 216.874
81.0482 163.576
88.5526 158.01
98.445 157.946
106.031 166.151
97.2456 167.383
88.2569 166.866
148.913 168.483
155.736 161.125
165.822 161.501
173.523 168.114
165.516 171.223
156.481 171.124
99.9271 245.119
107.964 238.207
116.879 233.467
126.689 234.272
136.04 234.116
143.719 239.333
149.12 246.938
142.31 251.292
134.203 253.081
125.382 252.776
116.637 252.178
107.59 250.355
119.093 242.03
126.271 242.506
133.131 242.83
133.031 243.115
126.294 243.598
118.778 243.26
