52.3419 188.348
63.9207 180.492
77.3156 174.047
91.5587 170.591
106.479 169.994
150.406 162.661
157.888 157.954
165.803 154.385
173.963 153.076
181.823 155.411
135.939 185.341
141.021 201.848
146.006 218.352
150.735 235.308
123.524 247.372
134.197 249.193
145.666 249.241
153.833 244.991
159.647 239.385
70.909 197.765
80.9081 191.383
92.3235 188.862
101.471 192.993
92.097 197.14
80.8307 198.938
148.454 183.303
156.133 175.51
165.769 171.45
174.666 173.317
168.593 179.399
158.944 182.589
103.531 275.753
116.326 269.87
130.969 265.967
145.865 264.594
153.916 261.412
162.497 260.271
170.012 261.645
164.357 269.52
157.338 276.499
148.141 280.456
132.89 281.356
118.247 279.658
126.432 272.453
146.047 269.99
157.802 266.056
157.81 267.215
146.704 271.438
127.227 273.021
