70.582 172.547
77.0867 165.155
87.2277 162.207
97.422 161.118
107.904 160.893
150.599 157.989
160.791 155.393
171.647 153.928
182.039 156.426
189.338 162.893
130.551 194.147
130.383 209.524
130.339 224.422
130.168 238.704
115.269 248.854
122.486 250.243
129.998 250.414
138.534 249.847
146.421 247.743
81.3077 198.26
89.5903 196.236
99.4784 194.446
108.298 193.313
99.2256 195.22
90.3095 196.837
153.744 190.119
163.324 189.449
173.486 189.774
182.373 191.104
173.024 191.674
163.566 190.886
103.499 276.915
110.333 269.703
120.429 266.306
130.923 267.798
142.512 265.584
153.544 268.548
162.599 275.137
153.718 282.32
142.876 286.303
130.815 287.417
119.981 286.879
110.506 283.55
118.828 274.381
131.09 275.351
145.199 274.211
144.279 274.975
131.003 276.095
119.053 275.016
