83.9228 156.686
90.5378 145.93
101.317 139.246
113.648 136.095
126.892 136.276
164.92 134.48
177.815 132.717
190.436 134.406
202.004 140.012
210.216 149.498
147.52 164.251
147.616 177.262
147.638 189.66
147.605 202.791
135.24 218.311
141.434 219.08
148.935 219.05
156.256 218.231
163.126 217.141
95.209 165.39
102.79 157.914
113.856 158.089
122.56 165.553
113.709 169.023
103.34 169.076
171.793 162.384
178.81 153.875
190.204 152.635
199.882 159.361
192.051 164.221
181.075 165.28
118.21 250.359
125.74 241.926
136.695 236.729
148.81 237.515
161.851 235.738
174.36 239.81
185.217 246.676
177.203 257.615
164.721 263.257
149.985 265.744
136.286 264.481
125.163 259.818
135.946 244.302
149.048 244.503
163.879 243.263
165.055 253.152
149.7 255.131
136.433 254.221
