74.3804 165.649
81.923 159.121
92.4398 156.494
103.907 158.118
115.665 160.756
150.849 165.401
163.513 165.074
176.216 166.433
187.532 171.598
195.602 179.561
130.966 194.363
128.366 208.7
125.605 222.804
122.907 236.362
109.462 245.953
114.823 248.182
121.628 250.429
130.035 250.643
137.493 250.254
87.376 189.645
95.3293 186.24
103.455 186.554
110.194 192.233
102.901 193.227
94.4999 192.216
154.321 197.717
162.533 194.324
171.703 195.546
180.144 200.017
171.574 200.951
162.628 200.152
93.8505 271.632
101.301 267.211
109.861 265.316
118.283 267.947
129.92 268.571
140.175 274.413
148.726 281.938
139.692 284.191
129.21 285.18
117.552 284.227
108.342 281.516
100.936 277.15
107.094 272.373
118.089 273.706
131.416 276.197
130.83 278.136
117.712 276.16
106.966 273.819
