82.5013 157.107
88.7582 152.707
96.9914 150.38
105.62 150.299
113.413 153.206
148.543 156.077
157.116 153.1
166.744 152.272
177.221 154.703
185.792 159.953
131.448 180.482
130.905 193.519
130.389 206.555
129.714 218.51
118.494 232.593
124.387 232.769
131.885 233.148
139.656 232.772
146.279 232.3
88.5852 185.954
95.0343 180.647
103.714 181.044
110.855 186.706
103.547 188.853
95.5032 188.786
151.86 185.926
158.497 181.073
167.348 181.226
174.34 185.168
167.286 188.724
158.61 188.802
105.949 259.035
112.065 251.376
121.067 246.804
131.377 247.96
142.735 247.763
152.704 253.03
159.762 261.235
153.119 269.404
143.128 274.43
131.893 275.263
121.056 273.508
111.766 267.775
120.124 255.886
131.798 255.959
144.898 257.177
144.346 263.999
131.856 265.366
120.723 262.762
