88.0624 129.019
92.24 123.392
97.7593 120.845
103.923 120.305
110.249 120.698
145.16 122.118
158.003 120.664
170.879 120.614
182.387 125.668
190.219 135.927
127.662 148.457
123.746 160.29
120.146 171.725
116.766 183.514
110.713 198.789
116.431 200.069
123.665 200.661
131.952 200.353
139.755 198.609
91.7661 152.826
97.4322 146.339
105.834 146.952
113.856 154.835
105.266 156.287
97.5009 156.298
150.217 152.418
156.903 146.265
165.735 146.913
174.648 152.051
166.286 154.014
157.531 154.499
106.227 226.754
107.363 219.451
114.107 215.267
122.568 217.067
136.221 216.381
148.477 221.039
159.19 228.326
150.898 238.649
138.618 243.766
123.994 244.563
113.789 242.26
107.513 236.037
115.116 219.887
123.885 220.656
139.321 221.95
139.896 237.174
125.322 238.637
116.137 236.023
