66.3428 136.085
71.3081 128.958
79.431 125.38
89.3544 125.739
98.7484 128.487
136.174 131.595
151.026 127.19
166.662 126.083
181.812 129.588
195.491 138.468
122.064 160.869
121.738 176.812
120.923 192.691
120.645 207.639
112.005 216.508
118.758 218.639
126.532 218.818
135.191 217.553
142.446 214.853
81.7617 160.421
89.0981 154.475
98.2761 154.926
106.797 160.646
97.8221 163.266
89.0647 162.941
149.955 160.164
157.538 153.876
166.943 154.238
176.151 159.248
167.542 162.04
158.57 162.101
105.63 243.662
111.837 239.526
119.726 237.679
127.801 238.172
138.932 237.318
150.375 238.753
162.157 241.786
151.714 247.759
140.394 250.973
127.981 252.006
118.668 251.907
110.671 249.236
119.488 244.096
127.981 244.193
140.207 243.351
139.389 244.039
126.969 244.548
118.141 244.909
