80.0824 143.169
87.1296 136.264
97.4743 134.194
107.452 134.13
117.726 134.906
172.722 137.569
182.987 138.093
192.897 139.044
202.16 142.094
209.286 148.868
142.383 174.265
142.63 185.284
143.12 194.969
143.7 204.363
131.105 220.598
136.587 221.596
142.401 221.994
146.917 221.93
151.2 221.665
94.1664 165.059
103.402 159.544
113.196 160.011
118.991 168.823
110.945 171.502
101.128 169.9
170.535 170.953
178.748 163.751
188.382 164.331
194.901 171.663
188.279 174.772
178.883 174.625
114.338 249.116
123.648 244.504
133.044 242.586
142.969 243.699
151.225 242.588
159.104 245.544
165.406 251.568
159.278 258.771
151.385 263.21
140.86 265.07
129.433 262.883
120.526 257.253
133.488 250.571
141.626 251.319
149.215 250.772
149.606 251.569
141.2 252.801
132.335 251.282
