80.7096 162.609
88.3321 158.656
97.3736 158.55
106.142 159.136
115.892 159.963
154.297 157.563
164.211 155.649
173.773 154.722
183.627 154.66
191.813 159.374
134.397 185.36
134.231 195.967
134.036 206.635
133.856 217.075
121.369 229.242
127.376 230.415
134.73 231.051
142.605 229.782
149.963 227.465
88.8895 186.38
96.9608 178.907
107.178 178.099
115.748 185.985
107.203 189.664
97.5348 189.636
156.936 183.649
164.317 175.259
174.422 174.821
183.109 182.16
175.207 185.742
165.469 186.64
109.372 256.308
118.691 252.158
128.204 249.621
137.634 250.035
147.486 248.507
157.851 249.848
168.378 252.179
160.979 261.966
150.687 268.684
138.901 271.584
126.985 270.201
116.744 264.836
127.728 255.407
137.792 255.303
149.007 254.232
149.483 258.702
137.815 261.452
126.661 260.236
