61.4543 174.082
70.7899 162.525
83.7294 155.435
97.7466 153.778
111.761 156.539
147.977 155.609
161.983 152.789
176.039 154.496
188.918 160.941
197.807 171.841
131.349 179.854
130.845 194.974
130.171 209.787
129.298 223.541
112.486 240.872
119.937 242.026
129.38 242.81
138.418 242.453
145.7 241.7
75.0855 190.32
83.8698 185.189
93.6308 183.683
104.137 187.394
94.5293 189.138
84.4303 189.881
155.725 187.227
165.547 182.917
175.46 184.006
184.251 189.022
174.825 189.339
164.949 188.663
92.476 268.177
103.177 262.928
115.011 260.297
127.801 261.381
140.477 260.733
152.61 263.212
162.516 269.996
152.445 275.48
141.042 278.508
127.413 279.987
113.858 278.544
102.515 274.804
112.268 267.998
127.415 268.533
142.25 268.5
142.024 268.974
127.411 269.775
112.825 268.85
