75.1576 109.631
78.9388 104.928
84.7737 103.316
90.031 103.604
95.5693 104.456
136.575 94.1369
147.229 89.802
158.687 86.5217
170.372 86.3593
179.561 91.6139
121.264 127.287
121.034 138.928
120.466 149.908
120.339 161.717
115.401 174.246
120.879 174.477
127.74 174.237
135.826 172.613
144.194 170.174
86.3511 134.417
91.5785 130.935
98.5531 130.014
105.766 131.979
98.9907 133.183
92.5007 134.2
150.881 123.273
155.797 119.225
163.965 118.018
172.357 118.656
165.294 121.286
157.936 122.971
114.455 196.129
117.075 191.037
123.064 188.281
130.409 188.582
143.687 186.675
156.9 188.476
170.416 190.821
162.79 202.511
150.847 210.028
136.566 212.53
126.009 210.82
118.914 204.335
121.84 193.39
131.54 192.823
152.124 192.001
154.846 200.131
134.963 203.534
123.654 200.765
