77.7957 128.235
85.252 123.362
94.4544 122.205
104.477 123.088
114.148 125.052
155.588 123.184
165.685 119.885
176.197 118.65
186.023 120.157
193.187 125.751
136.063 149.055
136.139 162.193
136.348 175.555
136.621 188.152
124.335 198.5
130.302 199.748
136.88 199.938
144.072 198.761
150.393 196.724
93.0666 151.276
100.324 144.873
109.512 144.261
117.306 150.084
109.663 153.408
100.791 153.327
156.935 147.468
164.438 141.779
173.544 142.434
180.64 148.342
173.504 151.058
164.496 151.023
111.836 223.456
120.006 220.023
128.499 217.702
137.336 217.899
146.502 216.898
154.94 218.173
163.24 220.686
155.975 227.211
147.84 231.564
137.92 233.331
127.864 232.166
119.277 228.999
127.445 223.288
137.666 222.876
147.85 222.391
148.066 225.005
137.423 226.531
127.149 225.464
