69.6676 166.4
79.8437 159.013
92.4871 158.36
104.402 161.019
115.982 164.467
151.769 165.559
158.675 160.914
167.489 157.859
175.92 156.699
183.812 160.025
137.141 188.832
140.012 200.313
142.818 210.614
145.159 221.462
127.058 239.305
134.235 239.895
141.852 240.007
147.529 240.052
153.097 238.887
88.3177 194.082
96.8656 192.076
105.892 191.376
114.58 193.632
106.554 195.731
97.4673 196.201
153.513 191.496
160.912 187.27
169.604 186.28
176.757 189.069
170.07 191.569
161.948 192.242
112.891 270.746
119.802 260.039
130.559 253.72
143.081 253.166
153.467 253.492
160.358 260.087
161.727 270.619
158.073 278.431
150.583 284.373
140.627 287.024
128.577 285.683
118.792 280.102
127.77 262.735
142.484 261.238
152.177 263.542
150.305 274.014
140.502 277.116
127.328 273.68
