59.1105 155.703
72.1824 147.626
88.2249 145.919
103.405 149.098
117.092 156.221
167.083 170.835
178.32 170.575
188.685 173.299
198.193 179.126
203.92 188.712
141.328 183.589
141.263 198.927
141.16 213.88
141.004 228.628
109.727 230.24
120.062 236.589
131.717 241.58
140.917 242.252
149.369 240.745
78.5703 172.105
89.2564 170.816
100.114 173.329
107.717 178.884
98.007 178.063
87.4076 175.615
158.476 192.698
168.554 192.511
178.303 195.365
185.757 201.112
177.351 199.863
167.39 196.972
72.1891 247.921
89.9898 247.662
107.574 251.223
124.402 256.374
136.797 259.08
148.126 262.883
157.072 269.619
146.144 281.932
131.964 287.913
114.847 286.449
95.4952 278.241
80.8185 264.788
98.306 253.827
122.969 261.4
139.734 265.235
137.878 277.337
117.626 275.899
92.6307 265.925
