72.2251 128.013
78.7176 119.823
88.7429 115.641
99.8616 115.466
110.697 116.636
148.984 111.436
154.514 106.199
160.601 102.282
167.471 97.7052
175.406 98.4017
135.598 132.362
140.293 143.723
145.33 154.875
150.647 166.79
140.698 189.565
145.355 187.412
151.283 185.85
155.375 184.764
160.006 184.734
89.0451 148.907
95.3576 141.207
105.225 137.87
114.656 142.53
107.184 147.41
97.9215 150.423
152.047 133.724
156.72 125.03
165.085 121.784
173.636 123.693
168.513 129.829
160.363 133.272
122.199 219.359
130.626 210.304
141.466 204.321
153.127 201.64
161.424 198.451
169.198 199.641
174.974 202.314
173.986 213.966
169.504 224.335
159.064 231.856
144.197 234.094
131.581 228.785
141.397 215.014
155.548 212.01
164.261 206.88
166.686 214.134
156.448 220.896
141.095 223.171
