77.2259 103.593
86.1748 96.4401
95.9339 91.2047
107.317 89.1329
118.185 91.5067
162.577 96.5119
173.467 96.0781
183.923 99.1897
191.854 108.194
195.928 118.494
136.653 129.987
136.066 142.759
135.426 155.622
134.709 168.088
116.113 184.063
123.231 185.678
130.931 186.747
138.215 187.625
145.276 187.844
86.6777 127.75
96.0431 122.091
105.449 122.473
111.327 130.084
103.13 131.297
95.1971 131.19
157.363 136.049
165.654 130.536
174.503 131.032
180.19 138.17
172.861 140.041
164.579 138.806
99.6987 212.935
109.726 210.015
120.311 207.461
130.831 208.648
140.14 208.336
148.365 211.826
155.977 215.77
147.591 219.527
138.735 220.57
130.156 220.731
119.75 220.017
108.955 218.199
120.148 212.062
129.611 213.229
138.109 213.955
138.324 213.711
130.142 213.613
120.864 213.058
