87.6544 143.507
96.329 138.221
106.595 137.347
116.726 137.954
127.359 138.67
171.973 135.027
183.715 135.005
194.907 133.699
206.314 133.904
215.614 139.645
153.644 174.892
153.935 185.635
154.573 196.382
155.144 207.494
136.562 224.089
144.693 225.059
154.097 224.976
162.266 225.098
170.079 224.426
103.484 174.72
112.007 171.094
121.313 171.423
129.15 175.893
120.793 179.371
111.355 178.662
174.957 175.411
182.505 169.486
191.838 169.785
200.585 173.722
193.083 178.219
183.67 178.867
126.64 256.3
133.031 248.582
142.325 244.334
152.685 244.765
162.557 244.295
172.234 247.903
180.469 254.269
171.899 256.422
163.36 258.513
153.851 259.916
144.52 259.305
135.427 257.842
141.568 251.264
153.166 251.4
164.377 250.848
164.406 252.009
153.798 253.401
142.163 252.316
