71.0142 156.23
80.1532 145.575
92.7073 141.738
106.218 143.326
118.905 148.04
156.38 142.63
169.256 137.119
182.634 135.389
195.098 139.1
204.818 147.056
139.697 168.96
140.486 184.27
141.184 199.782
141.596 214.923
125.989 227.939
133.689 229.305
142.633 229.361
153.123 227.701
162.466 224.792
89.3396 174.335
98.4127 167.418
109.077 167.201
118.078 174.417
108.8 176.972
98.8461 176.961
164.109 169.724
171.124 162.205
181.771 160.115
191.63 165.116
183.466 169.031
174.326 170.325
114.982 257.187
124.219 251.553
133.764 246.542
144.411 247.262
155.838 244.809
168.108 247.905
180.19 250.524
170.064 256.688
159.447 261.408
146.969 264.073
134.778 263.707
124.763 261.208
132.047 254.228
145.264 253.306
159.734 251.561
160.239 253.44
145.765 256.678
132.011 256.327
