75.9594 134.61
85.877 122.627
100.92 119.807
115.772 122.976
130.474 130.083
190.504 128.469
203.012 123.568
215.758 120.321
228.767 120.56
238.659 129.271
161.988 150.892
164.138 172.467
166.214 194.424
168.143 215.775
141.987 214.709
153.285 220.463
165.778 222.894
176.953 219.503
186.453 212.805
92.0175 152.274
104.561 141.72
119.666 142.261
131.012 152.885
118.258 157.172
103.574 157.624
187.524 151.17
198.766 141.205
213.201 140.962
224.647 150.425
213.076 156.19
199.148 155.633
116.926 247.747
132.633 242.697
148.386 240.528
164.657 241.803
178.859 240.266
193.386 241.059
207.076 245.846
195.839 256.891
180.932 262.974
164.035 265.196
145.735 263.783
129.871 258.6
144.734 243.848
164.642 244.941
182.613 243.247
182.504 255.332
164.529 257.925
144.848 256.167
