70.7894 156.331
76.0635 151.819
82.1308 149.073
88.6605 147.291
95.0639 148.461
129.77 140.458
144.273 133.479
159.681 129.717
175.276 131.064
188.133 137.605
115.168 159.882
113.506 174.365
111.569 188.585
109.176 202.541
110.757 218.349
115.36 220.55
120.945 220.459
129.739 218.253
136.845 214.555
87.1262 173.015
89.8821 163.822
99.2439 162.803
106.852 167.859
101.291 173.172
93.4722 175.922
145.49 159.625
150.027 149.763
160.774 148.414
171.782 153.093
163.277 158.377
153.992 160.8
115.856 251.579
116.947 245.191
121.255 241.224
127.373 241.447
139.912 238.556
152.635 240.001
166.444 242.198
158.597 250.055
146.991 253.729
135.212 256.191
127.43 256.003
121.296 254.588
122.377 248.232
129.742 247.468
144.921 245.061
146.828 244.218
132.521 246.76
124.252 247.192
