81.0731 143.635
86.771 136.094
94.3041 131.57
102.816 129.112
111.713 128.743
150.768 125.215
160.688 122.591
170.907 122.803
179.725 127.015
184.707 136.193
132.87 154.598
133.21 166.652
133.64 178.699
133.851 190.675
121.342 203.824
127.499 204.563
134.711 204.979
141.837 204.265
148.532 202.531
92.5673 162.213
99.0555 157.332
107.37 156.414
115.111 160.916
107.443 164.239
99.166 164.582
152.058 160.243
159.019 155.315
167.68 155.393
174.545 160.199
167.745 162.561
159.366 162.591
111.04 233.988
117.096 225.756
126.394 221.341
136.194 221.346
146.67 219.843
156.74 223.598
164.462 231.222
157.801 238.599
148.376 243.281
137.793 244.2
127.623 243.97
118.229 240.313
125.345 228.323
136.557 227.591
147.666 227.84
147.726 232.394
136.983 233.315
125.902 233.017
