77.0698 164.613
82.9849 159.739
90.7122 158.243
98.4777 159.031
105.489 161.166
140.783 159.512
152.816 154.397
165.109 152.159
177.513 154.286
187.823 160.859
124.466 183.953
122.759 196.236
120.634 208.12
118.511 220.258
111.176 233.237
116.836 234.084
123.275 234.763
130.881 233.429
138.207 231.127
86.0557 190.075
93.2772 185.215
102.041 184.459
110.11 187.142
102.148 189.623
93.8934 190.775
148.156 184.115
155.561 179.735
164.368 179.711
172.536 183.625
164.31 184.96
155.894 185.102
103.802 262.031
108.594 254.543
115.916 250.362
124.563 250.204
137.353 248.609
149.581 251.3
159.549 256.973
148.895 262.38
137.537 265.379
125.958 267.484
117.466 267.506
110.014 265.62
116.236 259.084
125.169 258.938
138.995 257.098
139.241 257.751
125.522 258.765
116.32 259.083
