68.7876 156.345
79.4973 147.224
93.721 144.329
108.062 145.244
121.784 148.624
171.67 144.699
186.225 141.314
200.869 140.492
214.581 144.662
224.033 155.613
147.908 177.868
148.004 194.475
147.911 210.676
147.958 227.142
130.921 238.196
138.794 240.065
148.148 240.699
157.949 239.686
166.016 237.56
86.8479 175.878
97.0406 169.079
108.53 168.521
117.754 176.543
108.039 180.134
96.6816 180
177.939 174.799
186.257 165.736
197.675 165.48
207.183 172.517
198.441 177.223
187.313 177.685
116.921 281.164
126.711 272.142
137.498 265.64
149.447 266.313
161.444 264.753
172.098 270.702
180.206 280.597
172.846 289.624
161.771 294.836
149.386 297.217
136.945 295.073
125.57 289.693
136.27 273.315
149.346 271.738
162.337 272.404
161.599 283.076
149.059 284.31
136.66 283.368
