69.1953 136.82
77.8718 129.346
89.5798 126.981
101.476 127.244
112.736 130.528
148.307 131.56
156.753 128.436
166.205 127.202
175.359 127.912
183.08 133.495
134.628 154.901
137.614 169.123
140.511 183.107
143.522 197.725
124.8 210.494
133.167 212.44
141.662 213.514
147.887 212.499
153.105 210.228
82.9267 160.345
90.9533 156.882
99.5873 155.751
106.978 157.569
99.1344 158.988
90.7949 159.602
152.216 157.238
160.211 153.786
168.446 153.998
175.108 157.309
168.286 158.024
160.226 157.852
116.435 241.481
123.802 234.16
132.385 229.008
142.957 229.127
150.717 227.25
157.661 230.641
163.137 236.272
158.341 243.7
151.513 249.039
143.698 250.951
133.554 250.359
124.138 246.972
131.275 235.928
142.894 235.742
151.913 234.6
151.765 238.573
142.77 241.036
131.579 239.815
