66.1461 161.987
74.9487 154.009
86.6594 152.279
98.3012 155.337
109.394 160.928
146.7 164.175
160.772 160.867
175.823 160.037
189.963 163.576
199.828 173.485
129.395 184.855
127.45 200.065
125.863 215.287
124.344 230.853
106.649 238.743
115.573 241.492
125.638 243.663
136.182 242.053
146 238.962
79.398 184.157
88.0477 178.559
99.144 179.573
107.057 186.949
97.5762 187.769
87.5627 187.297
153.254 188.687
161.76 184.319
172.786 185.174
182.161 191.321
172.132 192.151
162.007 191.82
89.8046 264.329
99.7578 258.743
112.563 256.564
124.984 257.912
140.303 257.555
155.471 260.958
168.548 267.353
156.956 278.842
140.848 284.474
123.657 285.052
109.043 283.279
96.5639 277.385
107.491 261.199
125.267 262.119
145.383 263.114
144.908 277.618
123.984 279.526
105.415 276.409
