64.1513 164.022
74.0576 156.289
87.0856 154.621
100.268 156.797
112.319 161.548
155.128 163.395
163.615 160.134
171.938 157.895
179.505 159.065
184.915 163.058
135.684 184.406
138.737 199.924
141.828 215.046
144.816 230.499
116.879 238.722
126.889 242.692
137.34 244.708
146.523 243.116
153.709 238.203
79.7485 185.771
90.0599 181.714
100.275 181.485
108.271 186.882
100.102 188.88
89.238 188.438
149.307 185.919
157.587 180.232
166.476 179.343
173.201 183.782
166.829 186.497
158.202 186.78
86.4994 261.141
103.042 257.639
119.515 255.278
135.762 256.685
145.225 254.678
153.891 254.979
158.773 257.685
155.61 273.147
147.821 284.298
134.129 287.565
114.77 285.658
97.866 277.179
113.255 259.922
134.69 260.694
147.151 259.394
147.679 274.894
134.055 278.901
111.657 276.132
