73.2668 171.791
82.8718 166.663
93.4766 162.713
104.868 159.224
118.01 157.794
142.57 160.152
155.017 161.37
166.477 163.858
176.868 166.988
186.814 172.301
129.815 182.217
129.402 196.532
128.716 210.14
127.953 224.146
110.393 228.504
117.899 233.358
126.979 236.373
135.693 234.682
143.623 230.922
82.0224 177.643
90.0289 172.234
99.4288 171.579
106.597 177.265
98.8952 179.71
90.1879 179.853
149.007 180.917
157.356 176.325
167.095 177.754
174.603 183.21
166.637 186.114
157.056 184.827
100.25 256.027
106.748 248.746
116.276 245.701
126.728 247.247
136.277 246.45
145.184 250.948
150.198 259.444
144.318 265.586
134.065 266.909
124.761 266.141
115.841 264.849
105.907 262.834
113.898 253.651
125.994 254.503
137.27 255.889
137.224 258.091
126.031 257.255
114.112 255.879
