66.13 119.521
77.5812 113.327
90.5874 113.791
103.373 117.977
115.851 123.535
154.61 125.981
167.911 122.112
181.862 119.113
195.051 120.115
204.528 128.727
132.485 138.152
131.175 153.68
129.87 170.012
129.414 186.071
114.249 192.173
119.969 195.184
127.116 197.384
136.024 196.962
143.811 194.791
83.46 134.274
93.5503 130.631
104.402 130.763
114.168 135.907
103.947 139.895
92.4806 139.649
153.079 139.8
165.225 135.845
176.405 136.728
185.469 141.632
175.74 146.926
163.728 145.411
103.754 224.026
109.733 216.195
118.521 212.762
128.635 214.03
138.411 213.238
146.233 217.438
152.018 224.551
146.769 231.068
139.709 233.603
129.382 234.299
118.406 232.14
110.152 229.131
117.89 220.503
127.933 222.006
137.241 221.596
137.027 225.966
128.136 226.013
118.403 224.692
