76.6723 94.1052
85.1182 88.7967
95.076 87.6485
104.773 88.5679
114.654 91.0658
151.973 89.6176
158.854 85.1493
166.862 83.4218
174.634 84.7983
181.87 89.5835
136.56 119.286
139.956 131.788
143.288 144.252
146.136 156.527
126.382 169.418
134.232 170.118
142.673 170.628
149.809 169.615
155.363 168.139
90.9173 122.311
99.739 118.937
108.776 118.653
116.536 121.742
109.058 123.567
100.043 123.942
154.254 120.375
161.78 115.979
170.472 115.927
176.458 120.046
170.543 121.27
162.235 121.538
108.334 196.375
120.64 189.592
132.675 184.296
145.347 183.762
154.28 182.91
161.156 187.246
163.55 193.94
158.617 201.247
151.772 207.471
142.085 211.37
129.068 210.03
117.905 204.256
127.514 191.103
144.391 189.64
154.555 189.206
153.32 198.116
141.893 203.089
126.14 200.281
