75.5267 153.75
84.6799 144.613
96.372 141.003
108.234 143.312
120.394 146.654
164.509 148.224
177.377 145.824
189.385 144.53
200.99 148.886
209.447 158.216
140.519 176.399
139.769 185.666
138.601 194.666
137.56 203.957
121.829 228.493
128.871 228.438
136.327 227.857
144.2 229.564
151.353 230.496
94.3116 173.377
102.986 170.062
111.735 170.441
118.952 176.532
110.521 178.271
101.56 177.074
164.373 177.786
173.314 172.501
182.274 173.191
189.617 177.959
181.975 180.614
173.04 180.895
104.292 258.609
114.419 254.468
124.349 251.785
134.907 252.081
146.447 253.225
155.999 256.535
165.641 261.395
154.631 263.234
144.736 264.928
133.704 266.63
122.548 264.705
113.572 261.951
121.593 260.029
133.889 261.185
147.154 261.241
146.263 260.566
133.904 260.485
121.393 259.125
