66.2024 173.193
73.6591 164.845
83.892 160.645
95.7027 160.75
107.416 161.921
142.607 157.79
153.492 153.503
164.971 151.663
176.347 154.207
185.538 160.786
127.81 189.444
129.289 202.858
130.666 216.117
131.204 228.909
116.936 240.464
124.082 241.697
132.38 241.22
139.739 240.936
146.426 239.688
83.7375 191.444
91.3291 185.945
100.032 185.354
107.832 191.737
100.014 194.091
91.1861 194.105
149.131 187.679
155.173 181.153
163.497 180.243
171.388 185.111
164.345 188.725
156.656 189.484
108.709 269.072
115.393 264.128
123.57 260.963
132.419 261.273
142.261 259.723
151.386 261.669
159.452 265.947
152.816 271.45
144.052 274.121
134.334 276.025
124.945 275.42
116.153 273.573
123.171 266.434
133.302 265.724
144.335 265.303
144.624 268.742
133.822 270.044
123.323 269.801
