87.7109 167.549
97.2298 163.288
108.696 162.978
119.793 165.978
130.113 170.774
158.662 177.228
169.276 176.234
180.076 176.708
190.091 180.452
196.067 188.605
140.638 192.316
139.516 203.916
138.428 215.743
137.373 227.644
119.649 236.106
126.281 238.243
134.022 240.064
140.778 240.657
146.255 240.778
94.3516 187.59
103.14 185.206
112.773 185.877
120.794 190.651
111.664 190.69
102.86 189.078
158.585 198.209
167.06 196.022
176.145 198.266
182.942 204.1
174.762 203.395
166.095 201.597
100.79 257.021
110.829 253.936
121.11 251.952
131.852 254.122
141.39 254.817
148.952 259.301
155.819 264.409
148.15 271.683
138.561 275.288
128.029 275.281
116.467 272.408
107.186 266.048
117.541 258.068
130.32 259.798
141.588 261.517
140.633 265.31
129.44 264.801
117.136 261.905
