75.7621 111.781
84.144 105.539
94.8903 103.27
105.889 104.851
116.549 107.781
164.594 100.228
175.444 95.8109
186.237 91.8396
198.2 90.2673
208.979 94.0949
141.407 132.922
142.577 147.869
143.629 162.811
144.632 177.418
131.546 190.477
138.535 191.188
145.635 191.179
153.926 188.746
161.419 185.587
94.0807 137.118
100.893 129.949
110.799 128.677
118.433 133.887
110.935 138.785
102.21 139.474
169.825 125.994
176.647 118.661
186.559 118.588
195.318 124.816
187.214 128.001
177.654 128.376
123.325 223.763
128.761 216.062
137.894 211.14
148.164 211.189
157.881 208.318
168.191 209.616
176.561 214.155
170.684 222.485
160.837 227.617
149.756 230.357
140.027 230.862
130.137 229.022
138.788 218.962
149.076 217.172
159.509 216.219
159.799 216.623
149.471 218.786
139.318 219.39
