87.814 142.573
96.3361 133.423
108.074 129.68
120.352 131.074
132.454 134.682
175.572 136.388
188.277 132.884
200.968 132.863
212.501 137.162
220.956 147.029
153 158.465
152.354 173.211
151.895 187.584
151.276 201.65
133.117 213.141
142.281 214.16
152.786 215.261
162.826 214.224
171.43 213.137
98.0927 160.324
108.54 154.537
119.958 153.963
128.753 160.367
118.858 162.434
107.794 162.4
177.754 161.669
186.63 155.819
197.456 157.401
207.58 162.817
197.476 164.058
186.882 163.783
121.238 247.756
130.388 240
141.229 233.683
153.543 234.234
165.532 232.589
176.841 238.064
185.399 246.199
177.872 255.865
167.006 262.943
153.467 265.274
140.14 263.083
129.644 256.217
138.429 243.287
153.054 242.181
168.313 241.651
168.851 251.324
153.65 253.931
138.64 252.188
