80.3128 85.6814
88.6057 79.9348
98.7902 77.4715
108.828 79.7068
118.595 84.7762
155.009 87.9926
160.283 85.277
166.083 83.0128
171.588 84.6412
175.535 89.2107
136.905 113.799
138.11 124.568
139.664 135.182
141.062 146.035
121.874 157.933
128.659 160.444
136.266 161.804
143.028 160.983
148.322 158.261
93.9362 110.705
99.8138 110.161
106.296 109.987
113.37 110.255
106.835 112.216
99.9954 112.171
151.604 114.352
156.75 112.813
163.299 114.033
168.255 117.205
163.133 118.486
156.871 117.223
106.129 185.478
114.899 177.029
126.217 172.285
138.381 174.848
146.394 174.129
152.401 178.784
151.873 188.224
149.044 195.253
141.499 199.112
133.632 199.107
122.802 197.96
112.588 193.42
122.98 181.904
136.795 182.308
145.241 183.091
143.093 189.921
134.536 191.212
121.8 189.082
