72.3727 152.793
83.2464 145.528
96.6392 144.42
109.602 147.525
121.62 153.133
156.843 154.662
167.977 151.451
179.335 150.175
190.147 152.234
198.234 159.606
136.038 181.178
135.381 197.013
134.998 212.622
134.933 228.007
118.55 237.17
126.017 240.146
133.622 241.575
141.719 240.905
148.299 239.083
86.6628 179.381
95.069 174.451
105.373 175.466
112.225 181.841
103.625 183.87
94.537 183.399
157.23 183.121
165.573 177.952
175.322 177.125
182.804 181.91
175.245 184.945
165.655 185.606
100.496 265.201
110.923 260.461
122.032 258.805
132.46 261.089
143.059 259.966
154.409 262.418
165.194 268.408
156.158 274.828
145.439 278.333
132.354 278.938
120.103 277.356
109.404 272.854
118.257 265.192
131.621 266.059
145.956 266.299
147.272 267.845
132.278 268.293
118.395 266.839
