76.1553 172.155
81.1988 164.458
90.2408 159.944
100.419 159.017
110.574 160.268
146.806 158.793
158.142 156.682
169.787 157.519
179.838 162.621
187.2 171.312
126.613 182.802
125.468 195.729
124.714 209.26
123.796 221.551
113.46 237.82
119.423 238.02
126.539 238.173
133.644 237.737
140.172 236.581
83.5416 189.826
90.3962 181.824
100.801 181.438
108.594 188.516
100.735 192.275
91.7023 192.048
150.133 188.699
158.838 180.729
169.621 180.76
177.234 188.553
168.863 191.813
159.282 191.992
103.245 268.217
109.96 262.47
118.223 259.116
127.191 260.336
138.319 259.163
148.863 262.615
158.779 267.304
149.576 273.01
139.739 275.77
128.241 277.168
118.551 276.029
110.228 274.029
114.691 266.763
127.503 267.338
140.674 266.383
141.541 268.482
127.701 270.641
114.824 269.479
