63.275 163.515
71.1589 156.822
80.0581 153.12
90.3519 152.127
101.91 151.631
153.668 146.705
165.648 145.69
177.305 145.509
188.087 148.656
198.871 152.654
126.202 189.14
126.52 207.091
126.707 224.827
126.836 242.822
110.885 252.361
118.703 255.313
127.169 256.704
137.781 255.295
147.541 252.077
81.0314 192.881
88.1587 187.88
97.1646 187.048
105.73 191.717
97.2561 192.398
88.5919 192.686
157.026 187.935
164.324 183.375
173.863 183.481
182.077 187.926
174.279 188.761
164.819 188.348
103.901 285.559
109.324 278.318
119.497 273.978
131.461 275.298
146.02 273.514
159.49 276.058
170.382 281.302
161.335 294.291
147.259 302.376
132.025 305.993
119.589 304.409
108.851 297.19
118.105 280.839
132.195 282.64
149.165 280.808
149.736 290.92
131.439 294.13
116.848 292.548
