88.6662 156.773
96.98 155.218
106.049 156.603
114.474 159.342
122.185 163.277
161.496 170.053
169.209 170.077
176.339 171.335
182.884 173.035
187.022 177.744
137.146 189.355
136.087 200.355
135.1 210.955
134.075 221.433
116.714 232.05
123.338 233.712
131.052 235.647
137.858 236.22
143.246 236.749
89.6086 183.63
97.9189 178.737
107.475 179.895
113.907 188.908
105.239 189.3
96.2294 187.785
154.727 194.746
163.392 190.183
171.446 191.564
177.251 198.148
169.579 199.001
161.658 198.031
99.7119 258.039
108.096 253.161
117.869 251.966
127.623 255.036
136.151 254.881
144.203 257.797
150.168 263.473
142.903 269.682
133.646 271.879
124.013 271.391
113.869 268.792
105.802 264.992
116.304 258.818
126.089 261.828
134.872 262.007
134.587 263.63
124.869 263.479
114.962 260.986
