73.2927 174.418
79.5462 168.83
88.655 166.286
97.9464 165.969
107.505 166.909
154.98 162.781
165.566 160.091
175.846 160.607
185.94 163.429
193.207 169.66
134.962 191.103
136.461 205.533
138.132 219.596
139.664 233.667
123.964 240.576
131.588 243.135
140.303 244.072
148.052 241.933
155.157 239.387
86.0121 194.105
93.3952 188.391
102.798 188.521
111.535 193.416
103.162 195.909
93.9845 196.248
156.018 190.188
162.982 184.727
172.216 184.442
180.429 189.071
172.629 191.958
163.921 191.897
112.852 265.346
120.639 260.775
130.5 258.825
140.215 260.3
149.934 257.896
159.579 259.296
167.74 261.893
160.325 267.615
151.498 272.029
140.861 273.955
130.165 273.066
120.947 270.029
130.201 265.602
140.31 265.927
150.298 264.522
150.653 265.118
140.346 266.828
129.983 266.048
