78.2019 131.324
85.1839 128.443
92.6754 128.112
100.419 129.304
107.738 131.275
151.308 128.24
157.551 124.813
165.053 122.252
173.101 121.632
180.692 125.09
130.185 154.373
130.35 167.753
130.798 180.601
131.2 193.879
117.608 202.322
124.77 202.468
131.445 202.481
138.806 202.167
146.529 202.193
88.7067 157.947
94.5724 153.065
102.695 152.698
109.047 157.775
102.288 161.493
94.9572 161.842
151.626 155.151
156.955 149.53
164.265 149.409
171.412 153.061
165.512 158.309
158.178 158.917
106.54 224.095
115.192 224.278
123.286 222.793
131.979 223.753
141.543 222.386
150.901 222.972
159.187 222.674
151.963 227.831
142.841 231.08
132.326 231.483
122.761 231.474
114.08 228.771
121.662 227.534
132.093 226.858
144.315 226.038
144.327 226.882
132.216 227.969
121.978 227.961
