81.4479 117.624
91.1046 113.084
101.914 110.296
113.303 110.172
123.643 113.503
160.651 113.951
168.05 110.237
176.186 107.684
184.576 108.055
191.758 111.949
143.134 133.402
145.397 147.485
148.275 161.588
151.265 176.078
127.049 186.388
136.807 188.279
146.644 189.502
154.986 187.679
162.048 184.715
88.7019 136.281
98.927 131.442
109.342 131.189
117.871 137.399
108.269 140.833
98.2378 140.995
159.574 136.347
168.054 130.095
177.751 129.427
184.105 133.468
177.238 138.072
168.285 138.527
106.56 212.464
119.277 207.788
132.817 203.882
147.01 204.198
156.455 202.339
164.717 204.135
169.323 208.34
164.388 219.345
157.197 227.988
146.009 232.457
130.608 230.903
117.356 223.489
128.336 211.059
146.773 211.229
158.134 209.459
157.544 215.507
146.126 220.261
127.994 217.609
