71.2556 167.198
78.8189 158.446
89.6624 154.573
101.415 155.14
112.264 159.063
145.575 162.135
158.522 157.649
171.816 155.02
184.811 158.248
194.007 168.645
130.172 185.635
130.677 199.571
131.32 214.188
132.175 228.173
118.295 237.08
125.553 239.492
133.141 240.208
141.916 238.805
149.982 235.493
82.5252 187.669
90.93 185.84
99.971 186.125
108.4 187.664
99.4707 188.829
91.1747 189
153.051 186.764
161.654 184.32
170.807 183.866
179.598 185.499
170.912 186.317
162.045 186.877
103.335 262.235
114.673 258.449
125.242 256.343
136.102 258.123
146.533 255.822
157.098 257.785
168.225 260.605
159.898 270.901
149.259 278.633
136.245 280.638
123.468 278.877
112.31 272.613
123.055 264.27
136.269 265.48
149.347 263.922
150.082 265.405
136.394 268.127
122.131 266.893
