73.0326 163.623
83.8912 158.06
97.1372 155.844
110.495 157.282
122.616 161.82
143.852 160.462
153.229 155.753
163.095 153.904
172.941 155.587
181.375 159.869
138.02 174.161
142.675 186.605
147.092 199.001
150.937 211.489
128.28 224.602
136.512 226.874
145.033 227.758
151.505 227.694
156.761 226.559
82.9802 180.014
91.4093 172.719
101.346 172.103
109.359 178.592
101.821 183.702
91.689 184.026
149.48 178.834
158.244 171.569
168.519 171.678
174.923 179.238
168.287 182.612
158.191 182.625
110.03 260.387
119.33 252.061
130.087 246.517
142.36 247.199
151.811 246.699
159.694 251.819
164.286 259.942
160.684 267.785
152.155 271.789
142.839 273.183
130.854 272.469
119.152 269.276
127.477 255.409
142.49 253.743
152.976 254.881
152.656 261.8
142.199 262.368
127.888 262.297
