69.1808 166.076
74.436 153.581
85.473 147.264
97.6326 146.019
110.536 146.987
160.063 140.733
172.903 134.681
186.543 131.346
199.745 134.257
207.041 146.42
139.718 179.974
140.193 195.045
140.63 210.433
140.515 226.319
124.655 233.01
133.31 236.652
142.664 237.815
153.06 236.145
163.022 231.576
90.4283 189.55
98.364 183.551
108.291 181.768
117.08 185.62
108.869 189.004
99.4934 190.656
167.113 178.522
174.569 172.9
184.733 171.55
194.125 175.786
185.624 179.652
175.78 180.071
110.11 263.45
121.679 258.438
133.15 256.29
144.389 256.998
159.199 254.869
173.912 256.416
188.878 258.671
180.337 274.293
165.851 284.949
148.028 288.269
132.041 286.496
118.982 277.345
130.133 260.918
145.025 260.868
164.637 259.21
168.629 274.902
147.055 279.837
128.985 275.517
