70.8066 167.786
77.1059 158.903
87.073 154.929
98.2102 154.072
108.682 156.697
150.058 156.574
160.38 154.464
170.987 155.641
181.007 159.73
188.043 168.097
130.422 177.562
131.178 190.782
131.92 204.504
132.408 218.049
119.067 224.953
126.404 227.715
134.502 229.182
142.622 227.582
149.272 224.477
86.2369 182.518
93.2168 175.95
101.644 175.106
108.501 181.102
101.511 182.629
93.3985 183.306
151.047 181.268
158.783 176.907
167.794 177.958
174.815 183.606
167.208 184.024
158.76 183.386
105.623 251.614
115.855 247.785
126.702 246.373
136.901 248.542
147.109 245.832
157.28 246.831
166.877 248.637
159.448 256.523
148.894 260.051
137.067 261.384
125.162 260.709
114.631 257.718
123.868 252.587
136.844 253.173
150.269 251.497
150.106 253.257
136.971 255.333
123.968 254.681
