61.8657 139.748
75.3741 132.96
91.0566 132.428
106.048 136.471
120.481 143.369
165.12 151.079
177.256 150.671
188.813 152.599
199.552 157.615
207.009 166.734
138.805 177.437
136.653 193.606
135.134 209.419
133.329 226.063
103.806 229.607
115.141 237.412
128.526 242.811
140.34 242.529
151.267 239.071
79.6706 167.809
90.4406 163.064
101.622 164.757
110.88 172.796
99.5762 172.275
89.0062 170.435
160.894 181.403
171.474 177.597
182.826 180.645
191.185 189.25
181.233 188.152
170.281 185.63
73.6735 253.937
90.1503 250.165
107.135 251.051
122.432 257.186
136.536 256.975
149.534 262.314
160.244 271.906
148.488 282.887
132.982 287.843
115.948 286.886
97.2987 281.539
81.919 270.888
98.2358 256.606
121.17 263.241
140.754 264.843
138.679 279.129
117.878 277.151
93.4114 270.718
