70.3248 138.405
79.1845 130.899
90.7271 128.221
103.182 129.171
114.827 133.697
153.091 133.104
164.75 128.003
177.297 125.49
189.528 128.016
198.212 136.896
136.068 162.299
136.34 175.808
136.419 189.084
136.358 201.859
119.872 209.014
128.835 210.886
138.213 212.473
147.226 210.456
155.708 208.225
84.6288 158.722
93.4424 153.31
104.248 153.634
113.156 161.111
103.077 161.891
93.1148 161.979
160.829 159.065
168.871 151.233
179.017 149.724
187.968 154.565
180.353 159.085
170.713 160.245
108.067 233.509
116.745 228.006
128.132 224.523
140.382 226.275
152.605 224.119
164.475 226.399
175.105 231.355
167.343 242.197
156.094 249.568
142.234 252.754
128.451 251.022
116.87 244.352
125.843 231.363
140.553 231.193
157.716 229.47
159.862 241.487
141.643 245.8
125.526 243.029
