76.4943 150.058
81.8226 143.965
89.4563 139.833
97.6865 137.771
106.652 137.516
154.626 135.431
163.925 133.936
173.14 134.608
181.47 138.713
185.863 147.032
130.167 166.321
130.372 178.439
130.609 190.604
131.246 202.738
117.184 214.165
123.68 215.596
130.922 216.444
138.323 215.834
144.706 214.216
86.6281 169.468
92.8056 165.369
100.651 164.661
107.222 168.253
100.56 170.503
93.1971 170.571
154.827 167.338
160.491 163.354
168.54 163.379
174.834 167.685
168.564 169.512
161.006 169.467
110.981 240.865
116.696 236.912
123.538 233.972
131.166 234.597
139.115 234.12
146.206 236.907
151.831 241.571
144.733 245.518
137.328 247.568
129.514 248.834
122.45 247.922
115.9 245.925
120.735 238.815
129.963 239.934
139.711 239.285
139.417 240.442
129.897 242.468
121.038 240.214
