74.68 172.761
80.3095 165.66
88.8373 162.062
98.7243 160.302
107.873 162.703
150.054 156.565
159.372 152.031
169.312 150.907
179.262 152.203
187.257 157.582
131.4 177.003
132.229 189.583
132.832 202.599
133.809 215.304
123.292 227.158
129.014 227.521
135.19 227.261
141.517 226.214
147.469 224.636
89.3836 190.38
95.61 186.794
104.01 184.276
113.37 184.406
104.99 186.103
96.512 188.217
152.509 179.701
160.249 176.565
169.256 176.655
177.834 179.421
169.608 178.909
160.732 179.02
112.51 257.378
117.444 249.247
126.304 244.577
136.041 244.723
146.627 242.798
156.822 245.689
163.21 253.246
156.182 258.622
148.079 262.1
138.415 263.478
128.842 263.416
120.516 261.744
122.786 251.405
136.86 250.477
150.997 248.942
150.445 254.271
136.903 255.747
123.351 256.396
