72.9018 168.439
80.7777 162.697
90.8058 160.636
101.17 161.271
110.998 164.292
152.936 163.993
165.15 161.851
177.872 161.955
190.357 164.727
200.352 171.773
129.417 185.14
126.305 200.157
122.936 215.255
119.83 230.877
107.299 238.918
114.298 243.387
123.218 245.572
135.623 244.115
146.914 240.433
82.8407 192.082
91.8906 186.045
101.955 185.46
110.812 191.066
102.033 193.339
92.0781 193.795
161.039 192.271
171.367 188.341
181.482 189.724
190.506 194.438
181.028 196.18
170.568 195.492
94.1861 265.828
103.391 261.621
114.855 259.535
126.55 261.054
142.102 261.254
156.767 265.154
170.731 270.142
155.827 272.897
140.838 273.84
125.119 274.062
114.113 272.221
104.291 270.293
112.083 265.949
126.578 266.946
146.249 268.008
146.068 269.07
125.954 268.904
111.414 267.063
