75.2403 170.249
80.0703 162.286
88.5235 157.006
98.0875 155.958
107.351 158.568
146.799 156.141
154.362 152.979
162.496 151.472
170.605 153.3
176.83 158.99
130.884 188.12
131.867 198.83
132.646 209.471
133.314 219.693
123.127 233.416
128.104 233.912
134.247 233.923
140.852 232.93
145.927 231.95
90.205 196.202
96.1389 193.961
102.929 193.274
109.424 194.287
102.887 197.097
95.972 197.541
148.775 191.634
154.84 188.776
161.917 188.871
168.488 190.955
162.415 193.746
155.499 193.523
110.944 261.646
116.702 253.438
125.536 249.632
135.203 249.627
144.118 249.085
152.923 251.934
158.366 258.402
152.359 264.069
145.114 267.131
136.592 268.692
127.329 268.672
118.416 266.552
124.463 257.457
135.581 256.176
146.458 256.137
146.383 259.4
135.373 260.901
124.331 261.06
