66.4542 169.946
72.276 162.033
81.2447 157.456
91.045 156.117
101.54 156.199
146.323 154.504
158.436 151.835
170.982 151.301
182.329 154.516
190.476 161.954
129.721 184.644
129.818 198.723
129.943 212.967
129.943 226.567
116.195 241.082
123.453 241.685
132.22 241.888
142.411 239.929
152.056 237.874
84.2108 189.343
91.7358 184.111
101.049 183.937
109.881 188.822
100.791 191.431
91.8199 191.642
151.386 182.896
159.293 177.855
168.75 177.532
177.484 182.538
168.422 184.443
159.486 185.022
108.632 266.33
115.224 260.292
124.057 256.725
133.168 257.886
144.873 255.391
156.704 257.043
167.735 260.418
158.212 267.98
147.45 273.496
135.362 276.988
124.959 276.122
115.985 273.096
121.586 264.328
134.106 264.615
148.553 261.923
148.77 263.927
134.227 267.165
121.443 267.237
