68.0504 175.659
76.0198 166.337
87.1952 163.485
98.5011 162.901
109.487 163.067
140.787 156.445
151.839 153.53
163.098 152.252
173.754 153.798
181.879 159.794
129.11 187.022
130.534 198.445
132.759 210.233
135.372 222.391
118.892 239.783
127.793 239.794
137.083 238.999
146.278 237.546
154.374 234.619
83.1411 208.688
91.3807 205.781
100.049 203.042
107.968 201.789
100.166 204.804
91.6481 206.876
152.696 193.197
162.398 192.036
171.539 191.963
179.418 191.795
170.362 192.653
161.391 192.978
106.688 278.338
113.797 266.606
124.827 259.448
138.389 257.743
151.802 256.238
164.305 259.118
174.771 267.122
166.534 276.909
154.991 282.751
141.817 285.509
129.24 286.765
115.876 285.719
121.868 269.033
139.084 265.741
157.798 264.58
158.827 271.164
140.597 274.937
123.662 277.086
