79.7379 162.033
87.8422 157.154
97.8328 155.078
107.964 155.338
118.162 157.593
148.433 157.065
156.654 155.026
164.899 155.483
171.932 157.465
177.536 161.664
134.544 178.655
135.012 190.978
135.539 202.897
135.796 214.407
118.09 223.746
124.687 225.198
131.65 226.11
137.397 225.735
142.301 224.519
85.2011 182.131
93.3002 177.739
103.247 178.025
110.517 182.859
102.323 185.641
93.0715 185.659
149.997 182.128
157.243 177.105
166.232 176.779
173.631 181.068
166.93 185.267
157.887 185.361
104.769 247.073
112.952 242.636
121.395 239.949
130.536 241.124
138.66 240.185
145.662 243.273
150.976 248.209
145.005 251.734
138.029 252.699
130.553 253.208
121.744 251.865
113.292 249.762
118.479 245.192
130.42 246.144
141.218 245.486
142.113 246.865
130.937 247.175
119.17 246.296
