70.1209 177.475
77.0581 169.905
87.297 165.817
98.2067 164.258
109.437 164.721
149.301 158.488
160.664 156.668
172.099 156.802
182.542 160.184
189.3 167.867
132.056 188.651
133.978 203.945
135.649 219.538
136.926 234.437
122.303 250.389
130.304 251.101
138.9 251.118
147.341 249.321
154.613 247.127
86.337 198.36
94.5997 193.976
103.118 192.24
111.767 194.535
103.278 196.308
94.6044 197.7
152.153 189.805
160.047 185.293
169.466 185.511
177.156 189.478
169.671 190.24
160.844 190.558
111.372 277.656
120.814 273.004
130.843 270.688
141.638 270.535
151.995 268.41
161.968 268.749
170.294 271.33
162.229 278.66
153.93 284.939
143.212 287.753
131.116 287.353
120.378 283.732
129.568 277.529
142.333 277.732
153.492 274.994
153.314 275.713
142.028 279.53
129.256 278.262
