76.0099 156.025
82.1236 149.361
90.6275 146.113
100.326 144.619
108.947 147.707
145.494 145.7
156.74 144.731
168.56 147.551
178.749 153.389
186.388 163.305
126.669 178.667
125.595 190.766
124.687 202.294
123.346 213.852
111.452 231.489
117.236 231.316
124.805 231.844
132.657 230.928
139.893 230.002
86.0648 178.564
92.5472 171.821
101.819 173.708
108.802 181.618
100.592 183.777
92.4173 182.837
148.964 181.855
155.072 173.744
163.949 174.468
171.749 182.07
163.947 185.299
155.608 185.088
103.964 262.433
110.297 253.36
118.781 249.534
127.676 251.289
138.21 249.461
148.382 252.751
156.299 259.483
148.996 266.803
138.076 270.145
126.795 271.061
117.699 270.354
109.574 267.741
116.603 256.145
127.573 255.938
140.664 255.518
141.193 260.304
127.29 260.946
115.88 261.201
