63.6467 165.546
71.799 156.698
83.342 149.914
96.887 147.63
110.38 149.287
161.214 151.537
174.462 152.079
187.263 156.25
197.359 163.965
203.108 173.912
135.272 181.3
136.125 193.109
137.465 205.024
138.757 216.516
118.254 232.493
127.256 234.905
136.753 236.431
146.03 236.496
153.721 235.103
82.9896 187.877
91.3682 186.17
100.353 185.426
109.299 186.447
100.981 186.606
91.7413 187.104
155.81 187.133
165.039 186.538
173.7 187.817
180.47 191.331
172.497 189.556
163.986 188.536
101.854 262.579
111.821 253.2
124.768 247.898
138.025 248.44
149.966 248.651
159.88 255.5
165.238 266.277
159.815 276.828
149.364 283.754
135.973 284.734
121.359 281.696
109.455 273.874
122.411 259.189
137.141 257.852
149.498 260.351
149.616 273.034
136.1 274.773
121.89 271.116
