72.7903 117.663
80.6257 109.232
89.4874 103.698
99.6197 102.632
110.16 104.057
157.274 102.597
168.778 101.776
179.592 104.025
188.892 110.171
196.162 118.561
135.07 134.419
134.714 146.666
134.322 158.069
134.204 169.78
122.049 190.08
128.387 191.852
137.329 192.301
145.44 191.463
151.709 189.706
91.1056 137.888
96.779 132.041
104.735 131.043
112.044 136.865
104.658 139.231
97.2967 139.083
158.485 136.666
164.839 130.61
173.185 131.344
180.478 137.298
173.165 138.588
165.514 138.861
112.471 218.293
119.522 214.25
127.986 212.252
136.344 213.771
144.929 212.686
154.268 214.025
163.648 216.445
155.032 219.134
145.834 221.421
136.309 222.312
127.58 222.271
119.361 220.648
126.995 217.069
136.732 216.884
147.202 217.117
147.543 216.908
136.751 217.659
127.032 217.272
