76.2401 172.486
81.4263 165.136
90.3655 161.152
100.301 160.431
109.622 162.982
148.574 156.248
157.884 152.54
167.625 151.837
177.024 153.937
183.404 159.443
133.73 180.982
135.515 193.551
137.046 205.985
138.392 217.986
123.833 228.568
130.803 230.145
138.578 229.984
145.654 228.631
151.829 226.393
85.7947 191.21
92.7124 185.311
102.383 184.651
111.536 187.775
103.546 191.594
94.1408 192.603
154.448 181.183
161.959 175.775
171.831 174.67
180.207 178.658
172.624 182.521
163.271 183.647
116.658 257.857
122.639 250.775
130.283 245.807
138.959 246.687
148.043 244.095
156.653 247.091
163.932 251.472
159.17 259.013
151.524 264.11
141.561 267.152
131.815 266.653
122.49 263.862
129.84 254.101
139.065 253.984
148.292 251.392
148.965 255.461
139.735 259.389
130.134 257.942
