86.5021 126.303
92.7442 113.997
104.664 107.952
117.801 109.092
130.43 114.623
171.358 114.147
183.446 109.509
196.167 109.397
207.562 115.659
214.051 127.243
152.173 145.783
151.505 162.107
151.351 178.952
150.517 194.826
133.75 205.382
141.659 208.6
150.604 210.428
159.814 209.048
167.972 205.899
101.834 153.57
110.118 151.006
119.803 149.792
128.863 150.438
119.783 151.205
110.686 152.101
175.003 151.808
184.283 151.677
193.919 153.2
202.309 155.909
192.738 154.528
183.649 153.209
118.278 235.886
127.903 229.563
139.507 225.52
150.952 227.802
162.223 225.643
173.448 229.78
182.578 236.866
172.374 243.283
161.548 246.581
149.993 247.049
138.527 245.865
127.996 242.551
136.055 235.573
150.585 235.971
164.296 235.374
163.725 236.927
150.404 237.283
136.528 236.621
