82.902 173.582
87.553 161.647
95.293 152.929
105.258 149.62
116.809 147.574
160.715 145.731
174.1 146.369
186.5 149.167
196.718 158.392
203.63 169.976
140.641 191.494
140.479 204.861
140.421 217.485
140.223 230.176
126.749 242.028
133.318 244.586
140.798 245.449
149.381 244.135
156.933 241.745
98.7761 193.038
105.258 186.888
112.964 186.548
120.021 192.68
112.543 194.973
105.46 194.567
165.65 191.486
171.692 184.195
179.057 183.938
186.186 189.124
179.888 191.68
172.944 192.746
116.305 270.68
124.662 265.187
133.406 262.675
141.807 263.339
152.92 262.644
163.504 264.326
174.872 267.164
164.731 273.657
154.042 278.182
141.791 280.39
131.963 279.599
123.637 276.234
130.788 268.424
141.908 268.438
155.384 267.428
155.743 269.239
141.888 271.437
130.132 271.24
