73.7776 163.179
79.653 155.837
88.5482 152.13
99.0399 151.404
108.069 156.013
137.509 152.35
152.875 146.352
169.575 147.844
184.502 155.046
196.264 166.244
122.4 186.433
120.902 198.97
119.279 211.061
117.917 222.733
110.884 236.597
116.67 239.097
124.148 239.84
132.185 238.059
139.714 235.314
84.4127 192.811
89.9031 187.697
98.128 187.239
106.692 190.216
99.2536 191.256
91.3312 191.994
147.536 186.371
156.577 183.008
165.676 183.796
173.658 187.748
164.643 186.683
155.948 186.349
105.378 261.205
109.052 254.611
116.756 251.134
126.044 251.053
140.088 248.821
153.996 250.139
167.403 254.555
159.189 266.757
146.09 274.752
130.488 278.275
118.912 277.517
109.977 271.203
116.72 257.134
126.438 255.677
143.143 254.261
145.913 266.277
129.77 270.395
118.539 269.432
