64.7685 142.983
72.1004 132.967
82.7295 126.771
95.4611 125.118
107.919 127.099
149.553 124.169
162.783 118.609
176.683 116.207
189.63 118.97
199.641 127.793
128.967 152.181
129.523 167.086
129.85 182.168
130.532 197.002
120.967 216.846
126.871 217.136
134.764 216.97
145.097 214.256
154.013 210.885
80.8141 160.589
90.1016 155.633
99.6023 153.867
109.542 157.212
100.569 159.104
90.7016 160.042
154.983 151.761
164.467 145.513
174.337 144.629
185.247 148.19
175.527 151.207
165.624 152.325
108.308 251.765
118.444 245.405
129.937 241.798
141.686 240.991
153.761 237.214
166.459 237.024
179.266 238.933
169.902 247.233
158.997 253.548
145.73 258.591
132.229 258.907
119.96 256.675
126.402 248.967
142.419 247.726
159.54 241.718
160.532 244.956
143.18 250.536
126.819 251.277
