74.1863 162.232
79.1518 154.585
88.4001 151.38
97.7377 152.819
106.919 156.533
146.096 151.767
158.538 146.541
172.652 145.081
186.001 149.204
197.028 157.886
126.27 177.808
125.858 192.608
125.191 207.667
124.958 222.242
117.488 234.303
122.907 236.346
129.853 237.266
138.586 235.961
146.703 233.644
85.0372 184.472
91.7044 179.573
100.38 178.193
108.738 182.068
100.974 184.229
92.8089 185.035
154.413 178.507
162.377 174.641
171.419 175.013
179.818 178.965
171.802 180.346
163.034 180.522
109.878 266.009
115.276 259.367
122.979 256.153
131.473 256.631
143.466 255.553
155.396 258.874
166.839 263.461
156.38 269.011
145.371 272.845
132.935 274.857
123.931 274.243
116.364 271.086
121.043 264.243
132.024 264.756
148.695 263.388
148.847 265.406
132.632 266.795
121.579 266.364
