74.473 170.461
81.3235 161.869
91.0807 154.776
102.563 152.003
114.752 151.758
153.75 142.963
162.873 138
172.295 135.446
181.585 137.622
188.781 144.219
139.76 179.799
143.878 192.641
147.827 205.921
151.384 219.337
135.224 235.053
144.044 235.242
152.701 234.587
159.831 231.955
165.54 228.621
90.365 192.883
97.5538 186.665
106.53 184.182
114.578 187.545
107.709 192.555
98.7362 194.745
159.527 178.441
166.58 170.526
175.138 168.442
183.122 171.89
177.289 177.322
168.332 178.982
126.581 270.351
134.45 261.006
145.321 254.933
158.028 252.537
166.887 249.857
174.463 250.735
178.833 256.345
176.74 266.08
170.157 274.072
160.268 278.911
147.752 280.691
135.587 278.17
143.219 261.071
158.7 257.593
167.957 255.295
168.966 265.002
158.95 270.261
144.091 271.476
