96.5148 170.673
106.884 167.867
117.313 167.436
128.756 168.339
139.225 171.76
166.692 174.788
173.884 172.77
181.45 173.251
188.082 174.47
193.578 177.57
151.84 190.306
154.046 201.459
155.757 212.315
157.631 223.685
133.248 239.391
139.44 241.171
146.604 242.883
152.924 242.177
157.937 240.354
104.591 194.388
112.616 192.081
119.579 192.103
127.999 194.271
120.019 195.357
111.715 195.628
162.549 194.791
169.34 193.168
175.378 193.758
182.189 195.931
176.167 196.867
169.009 195.998
106.952 268.129
117.804 260.449
130.597 257.324
144.096 258.929
152.16 258.031
159.363 261.76
162.109 268.447
156.576 277.22
148.841 282.547
139.334 283.947
127.056 282.019
115.968 276.378
126.154 263.003
142.978 263.829
152.386 263.692
150.228 274.296
139.351 276.631
124.322 274.714
