69.9035 170.369
77.6364 166.062
86.1553 163.364
94.9814 163.141
103.936 164.502
142.9 155.631
150.129 151.25
158.299 147.777
166.841 146.719
174.638 148.629
129.16 188.217
131.805 202.036
134.212 215.158
136.492 227.785
124.433 236.959
130.977 237.953
138.287 238.15
145.425 235.287
151.208 231.579
86.8646 199.343
93.7845 197.021
101.08 195.108
108.392 194.611
101.897 198.623
94.0063 200.277
149.823 186.267
157.053 183.305
164.76 182.257
172.246 181.643
165.586 185.814
157.319 186.954
118.335 260.581
125.603 258.644
133.628 257.749
142.049 257.761
150.829 254.41
158.824 252.436
167.246 251.772
162.897 260.814
155.462 267.476
145.703 270.603
135.172 271.06
125.273 267.591
132.528 262.381
143.849 262.828
154.466 257.633
154.819 258.752
144.34 263.83
132.887 263.207
