66.3281 170.17
75.3167 163.139
85.7135 159.213
97.8407 159.143
110.043 161.787
162.05 156.54
169.89 154.948
177.325 154.525
183.825 155.212
190.597 159.008
137.079 178.236
141.337 187.26
146.526 195.478
151.619 204.112
131.059 233.742
140.218 235.006
149.576 235.268
157.186 234.166
163.063 232.323
81.3622 189.464
89.4343 179.462
99.6849 178.073
109.266 185.172
100.752 190.09
91.3127 191.376
156.445 184.854
163.67 175.685
172.725 174.418
180.536 182.712
174.639 186.069
165.414 186.797
114.933 275.799
123.362 262.358
136.451 255.063
151.489 254.105
163.805 254.117
174.134 260.646
176.584 272.561
170.588 274.968
163.435 275.886
154.2 276.275
141.371 277.357
127.796 278.334
134.604 266.254
152.058 263.644
165.196 264.163
165.22 266.943
152.912 266.924
135.32 269.819
