67.7224 163.993
75.2997 157.565
84.0639 154.76
93.702 155.12
102.883 158.452
154.846 153.15
162.102 150.068
169.64 148.308
176.737 150.607
182.298 155.281
131.02 192.221
132.995 206.261
134.982 219.355
136.392 232.246
117.937 242.972
125.113 246.014
133.806 247.475
140.763 245.872
146.616 242.281
85.4046 191.883
93.1922 188.259
101.593 188.598
108.737 192.4
101.245 194.99
92.8926 195.025
150.063 189.058
155.958 184.129
164.134 181.593
172.684 183.387
165.595 187.807
157.798 189.714
104.915 264.548
115.08 264.395
124.558 264.419
134.184 265.683
141.186 264.514
148.266 263.493
155.467 264.481
150.711 273.158
143.55 278.523
134.527 281.1
122.642 279.903
112.401 274.673
122.055 267.935
134.631 268.793
143.647 267.098
143.042 273.165
133.793 276.149
121.135 273.299
