76.7844 169.208
86.7828 166.166
96.9955 166.341
107.39 166.84
117.817 168.211
161.605 173.065
170.669 171.971
179.318 172.812
187.322 175.269
193.715 180.512
140.334 187.96
141.04 197.263
141.85 207.224
142.946 217.266
120.617 232.028
128.929 234.969
137.822 237.292
145.459 237.243
151.648 234.792
84.3165 181.445
94.6504 175.135
106.051 176.347
112.127 185.273
103.343 185.947
93.6775 184.605
158.178 189.348
167.791 184.322
177.647 185.103
184.072 193.227
175.741 193.886
166.371 192.217
102.704 262.23
112.747 254.945
124.909 250.937
136.926 252.773
148.87 253.162
158.516 259.986
163.013 269.303
154.313 271.783
145.127 273.147
134.946 272.811
123.609 270.25
112.633 266.736
121.315 258.969
135.526 260.288
149.585 261.848
149.02 265.013
135.699 263.687
121.717 262.042
